 .__   __.   ______   .___  ___.   ______    _______   _______   ______   ______      .______   ____    ____ 
 |  \ |  |  /  __  \  |   \/   |  /  __  \  |       \ |   ____| /      | /  __  \     |   _  \  \   \  /   / 
 |   \|  | |  |  |  | |  \  /  | |  |  |  | |  .--.  ||  |__   |  ,----'|  |  |  |    |  |_)  |  \   \/   /  
 |  . `  | |  |  |  | |  |\/|  | |  |  |  | |  |  |  ||   __|  |  |     |  |  |  |    |   ___/    \_    _/   
 |  |\   | |  `--'  | |  |  |  | |  `--'  | |  '--'  ||  |____ |  `----.|  `--'  |  __|  |          |  |     
 |__| \__|  \______/  |__|  |__|  \______/  |_______/ |_______| \______| \______/  (__) _|          |__|     
                                                                                                             


**************************************************************************************************************
                                  Kemal Önen, Dennis F. Dinu, Klaus R. Liedl                                  
                                      Liedl Lab, University of Innsbruck                                      
**************************************************************************************************************

Non-planar system detected. Therefore out-of-plane angles are NOT used in your analysis. Note that out-of-plane angles tend to perform worse
than the other internal coordinates in terms of computational cost and in the decomposition. However they can be
useful for planar systems.

The detected point group is Cs
The following equivalent atoms were found: [['H1'], ['H3', 'H4'], ['O1'], ['O2'], ['H2']] 

The following primitive internals (bonds, (in-plane) angles, linear valence angles, out-of-plane angles and torsions) were generated:
bonds: [('H1', 'O1'), ('H1', 'O2'), ('O1', 'H2'), ('O2', 'H3'), ('O2', 'H4'), ('O2', 'H2')]
in-plane angles: [('H1', 'O1', 'H2'), ('H1', 'O2', 'H3'), ('H1', 'O2', 'H4'), ('O1', 'H1', 'O2'), ('H3', 'O2', 'H4'),
 ('O1', 'H2', 'O2')]
linear valence-angles: []
out-of-plane angles: []
dihedrals: [('O1', 'H2', 'O2', 'H3'), ('H3', 'O2', 'H2', 'O1'), ('H1', 'O1', 'H2', 'O2'), ('O1', 'H2', 'O2', 'H1'),
 ('H4', 'O2', 'H2', 'O1'), ('H1', 'O2', 'H2', 'O1'), ('O1', 'H1', 'O2', 'H4'), ('O1', 'H2', 'O2', 'H4'),
 ('O1', 'H1', 'O2', 'H3'), ('H2', 'O1', 'H1', 'O2'), ('O2', 'H2', 'O1', 'H1')]

12 internal coordinates are at least needed for the decomposition scheme.


Due to having a cyclic molecule, 1 bond(s) is/are removed in the analysis

The following updated Internal Coordinates are used in your analysis:
bonds: [('H1', 'O2'), ('O1', 'H2'), ('O2', 'H3'), ('O2', 'H4'), ('O2', 'H2')]
in-plane angles: [('H1', 'O2', 'H3'), ('H1', 'O2', 'H4'), ('H3', 'O2', 'H4'), ('O1', 'H2', 'O2')]
linear valence-angles: []
out-of-plane angles: []
dihedrals: [('O1', 'H2', 'O2', 'H3'), ('H3', 'O2', 'H2', 'O1'), ('H4', 'O2', 'H2', 'O1'), ('O1', 'H2', 'O2', 'H4')]


Due to having a cyclic molecule, 1 bond(s) is/are removed in the analysis

The following updated Internal Coordinates are used in your analysis:
bonds: [('O1', 'H2'), ('O2', 'H3'), ('O2', 'H4'), ('O2', 'H2'), ('H1', 'O1')]
in-plane angles: [('H1', 'O1', 'H2'), ('H3', 'O2', 'H4'), ('O1', 'H2', 'O2')]
linear valence-angles: []
out-of-plane angles: []
dihedrals: [('O1', 'H2', 'O2', 'H3'), ('H3', 'O2', 'H2', 'O1'), ('H4', 'O2', 'H2', 'O1'), ('O1', 'H2', 'O2', 'H4')]


Due to having a cyclic molecule, 1 bond(s) is/are removed in the analysis

The following updated Internal Coordinates are used in your analysis:
bonds: [('O2', 'H3'), ('O2', 'H4'), ('O2', 'H2'), ('H1', 'O1'), ('H1', 'O2')]
in-plane angles: [('H1', 'O2', 'H3'), ('H1', 'O2', 'H4'), ('O1', 'H1', 'O2'), ('H3', 'O2', 'H4')]
linear valence-angles: []
out-of-plane angles: []
dihedrals: [('O1', 'H1', 'O2', 'H4'), ('O1', 'H1', 'O2', 'H3')]


Due to having a cyclic molecule, 1 bond(s) is/are removed in the analysis

The following updated Internal Coordinates are used in your analysis:
bonds: [('O2', 'H3'), ('O2', 'H4'), ('O2', 'H2'), ('H1', 'O1'), ('H1', 'O2')]
in-plane angles: [('H1', 'O2', 'H3'), ('H1', 'O2', 'H4'), ('O1', 'H1', 'O2'), ('H3', 'O2', 'H4')]
linear valence-angles: []
out-of-plane angles: []
dihedrals: [('O1', 'H1', 'O2', 'H4'), ('O1', 'H1', 'O2', 'H3')]


Due to having a cyclic molecule, 1 bond(s) is/are removed in the analysis

The following updated Internal Coordinates are used in your analysis:
bonds: [('O2', 'H3'), ('O2', 'H4'), ('H1', 'O1'), ('H1', 'O2'), ('O1', 'H2')]
in-plane angles: [('H1', 'O1', 'H2'), ('H1', 'O2', 'H3'), ('H1', 'O2', 'H4'), ('O1', 'H1', 'O2'), ('H3', 'O2', 'H4')]
linear valence-angles: []
out-of-plane angles: []
dihedrals: [('O1', 'H1', 'O2', 'H4'), ('O1', 'H1', 'O2', 'H3')]


-------------------------------- Initialization of an internal coordinate set --------------------------------

The following 13 Internal Coordinates are used in your analysis:
bonds: [('H1', 'O2'), ('O1', 'H2'), ('O2', 'H3'), ('O2', 'H4'), ('O2', 'H2')]
in-plane angles: [('H1', 'O2', 'H3'), ('H1', 'O2', 'H4'), ('H3', 'O2', 'H4'), ('O1', 'H2', 'O2')]
linear valence-angles: []
out-of-plane angles: []
dihedrals: [('O1', 'H2', 'O2', 'H3'), ('H3', 'O2', 'H2', 'O1'), ('H4', 'O2', 'H2', 'O1'), ('O1', 'H2', 'O2', 'H4')]


-------------------------- Results of the Decomposition Scheme ---------------------------

1.) Intrinsic Frequencies for all normal-coordinate frequencies and
    vibrational distribution matrix (exact approximation) at the following
    harmonic frequencies (all frequency values in cm-1):

Internal Coordinate Intrinsic Frequencies     256     200   161   177   361    718  1755  1778  4097  4137  4210  4227
           (H1, O2)               2694.43   -0.09   -0.08  0.10  0.50  0.24  -0.01  0.00  0.28  0.06  0.01  0.27  0.00
           (O1, H2)               4083.36    0.00    0.00  0.00  0.00 -0.00  -0.00  0.00  0.02  0.65  0.01  0.32  0.00
           (O2, H3)               4205.26   -0.00    0.00 -0.00 -0.00 -0.00   0.00  0.00 -0.00  0.01  0.50 -0.00  0.49
           (O2, H4)               4199.80   -0.00   -0.00  0.00  0.00  0.00   0.00  0.00 -0.00  0.01  0.49 -0.00  0.51
           (O2, H2)                701.17   -0.00    0.02  0.48  0.42  0.02   0.00  0.01  0.03  0.14  0.00 -0.11 -0.00
       (H1, O2, H3)               3729.68   11.81  -35.53 -0.48 -1.00 -0.54   1.35 -0.23  0.38  0.10  0.01  0.51  0.00
       (H1, O2, H4)               3147.16  -11.77   37.73 -0.50 -0.95 -0.50  -1.26 -0.23  0.35  0.07  0.00  0.40 -0.00
       (H3, O2, H4)               6702.37   -0.01    0.07 -0.02 -0.08 -0.06  -0.00  2.19 -1.18 -0.03  0.01  0.01 -0.00
       (O1, H2, O2)                   nan    0.19    0.19 -0.17 -0.32  0.55  -0.00 -0.00 -0.06  0.00 -0.00 -0.02 -0.00
   (O1, H2, O2, H3)                   nan  -17.78   17.61  0.00  0.01  0.07   1.51 -0.09  0.05  0.00 -0.00 -0.00  0.22
   (H3, O2, H2, O1)                   nan -211.29  300.19 -0.14  0.13  1.29  95.09 -0.26  0.64  0.01  0.00 -0.04 -0.22
   (H4, O2, H2, O1)               2662.98  213.38 -302.30  1.79  2.07 -0.09 -94.59 -0.28  0.59  0.03 -0.03 -0.04  0.22
   (O1, H2, O2, H4)                   nan   16.64  -16.47 -0.05  0.19 -0.00  -1.06 -0.10  0.04  0.00  0.01 -0.00 -0.22

Check if matrix is normalized: 1.0

2.) Intrinsic Frequencies for all normal-coordinate frequencies and
    diagonal elements of the PED matrix at the following
    harmonic frequencies (all frequency values in cm-1):

Internal Coordinate Intrinsic Frequencies        256       200      161     177     361       718    1755  1778 4097 4137 4210 4227
           (H1, O2)               2694.43       0.02      0.02     4.73   64.39    9.55      0.00    0.01  0.69 0.02 0.00 0.10 0.00
           (O1, H2)               4083.36       0.00      0.00     0.00    0.00    0.00      0.00    0.00  0.01 1.00 0.02 0.20 0.00
           (O2, H3)               4205.26       0.00      0.00     0.00    0.00    0.00      0.00    0.01  0.00 0.02 0.50 0.00 0.50
           (O2, H4)               4199.80       0.00      0.00     0.00    0.00    0.00      0.00    0.01  0.00 0.02 0.49 0.00 0.51
           (O2, H2)                701.17       0.00      0.00     4.32    8.83    0.03      0.00    0.00  0.00 0.16 0.00 0.03 0.00
       (H1, O2, H3)               3729.68    3422.92   1625.63  2184.12 1694.12  573.68    122.38   51.29  4.71 0.07 0.00 0.32 0.07
       (H1, O2, H4)               3147.16    3472.92   1811.96  2016.12 1419.20  462.13    130.62   51.39  3.91 0.04 0.00 0.19 0.07
       (H3, O2, H4)               6702.37       0.00      0.01     1.68    9.04    5.15      0.00 1403.53 47.64 0.00 0.01 0.00 0.00
       (O1, H2, O2)                   nan       0.32      0.05   294.40  159.31  103.87      0.01    0.43  9.74 0.00 0.00 0.00 0.00
   (O1, H2, O2, H3)                   nan   17265.75   1746.71     1.19    0.38   24.03   9503.41    1.48  0.21 0.00 0.00 0.00 0.14
   (H3, O2, H2, O1)                   nan 1149485.23 116288.77    79.44   25.33 1599.51 632699.38   98.85 13.91 0.00 0.00 0.00 9.27
   (H4, O2, H2, O1)               2662.98 1160309.88 117998.24 12231.79 6288.99    8.21 637345.97  116.95 11.95 0.01 0.02 0.00 9.32
   (O1, H2, O2, H4)                   nan   16981.64   1726.96   179.02   92.04    0.12   9327.84    1.71  0.17 0.00 0.00 0.00 0.14

3.) Intrinsic Frequencies for all normal-coordinate frequencies and
    contribution table calculated from the diagonal elements of the PED at the following
    harmonic frequencies (all frequency values in cm-1):

Internal Coordinate Intrinsic Frequencies   256   200   161   177   361   718  1755  1778  4097  4137  4210  4227
           (H1, O2)               2694.43  0.00  0.00  0.03  0.66  0.34  0.00  0.00  0.74  1.77  0.41 12.06  0.00
           (O1, H2)               4083.36  0.00  0.00  0.00  0.00  0.00  0.00  0.00  0.01 75.07  2.32 23.66  0.00
           (O2, H3)               4205.26  0.00  0.00  0.00  0.00  0.00  0.00  0.00  0.00  1.21 47.27  0.10  2.49
           (O2, H4)               4199.80  0.00  0.00  0.00  0.00  0.00  0.00  0.00  0.00  1.17 45.80  0.08  2.55
           (O2, H2)                701.17  0.00  0.00  0.03  0.09  0.00  0.00  0.00  0.00 11.95  0.23  3.34  0.00
       (H1, O2, H3)               3729.68  0.15  0.67 12.85 17.35 20.59  0.01  2.97  5.07  4.91  0.35 37.53  0.37
       (H1, O2, H4)               3147.16  0.15  0.75 11.86 14.54 16.59  0.01  2.98  4.21  3.03  0.17 22.63  0.36
       (H3, O2, H4)               6702.37  0.00  0.00  0.01  0.09  0.18  0.00 81.33 51.26  0.34  1.21  0.02  0.00
       (O1, H2, O2)                   nan  0.00  0.00  1.73  1.63  3.73  0.00  0.02 10.48  0.00  0.04  0.06  0.00
   (O1, H2, O2, H3)                   nan  0.73  0.72  0.01  0.00  0.86  0.74  0.09  0.22  0.00  0.00  0.00  0.70
   (H3, O2, H2, O1)                   nan 48.89 48.21  0.47  0.26 57.41 49.08  5.73 14.97  0.12  0.03  0.22 46.29
   (H4, O2, H2, O1)               2662.98 49.36 48.92 71.97 64.43  0.29 49.44  6.78 12.86  0.42  2.14  0.28 46.57
   (O1, H2, O2, H4)                   nan  0.72  0.72  1.05  0.94  0.00  0.72  0.10  0.19  0.01  0.03  0.00  0.68

----- Extended Results: Exact PED, KED and TED analysis per mode -----

Normal mode at the following harmonic frequency: 256 cm-1

Potential energy distribution matrix (normalization check: 1.0)

Internal Coordinate (H1, O2) (O1, H2) (O2, H3) (O2, H4) (O2, H2) (H1, O2, H3) (H1, O2, H4) (H3, O2, H4) (O1, H2, O2) (O1, H2, O2, H3) (H3, O2, H2, O1) (H4, O2, H2, O1) (O1, H2, O2, H4)
           (H1, O2)     0.02    -0.00    -0.00     0.00     0.00        -7.76         7.82         0.01        -0.08             8.38           141.67          -142.42            -7.77
           (O1, H2)    -0.00     0.00     0.00    -0.00    -0.00         0.01        -0.01        -0.00         0.00            -0.00            -0.12             0.12             0.00
           (O2, H3)    -0.00     0.00     0.00    -0.00    -0.00         0.06        -0.06        -0.00         0.00             0.85            -2.00             2.02            -0.86
           (O2, H4)     0.00    -0.00    -0.00     0.00     0.00        -0.06         0.06         0.00        -0.00             0.04             1.03            -1.03            -0.03
           (O2, H2)     0.00    -0.00    -0.00     0.00     0.00        -0.18         0.18         0.00        -0.00             0.18             3.28            -3.30            -0.17
       (H1, O2, H3)    -7.76     0.01     0.06    -0.06    -0.18      3422.92     -3447.38        -3.36        32.41         -3812.02        -62363.11         62652.12          3555.88
       (H1, O2, H4)     7.82    -0.01    -0.06     0.06     0.18     -3447.38      3472.92         3.38       -32.65          3841.00         62815.62        -63107.11         -3583.32
       (H3, O2, H4)     0.01    -0.00    -0.00     0.00     0.00        -3.36         3.38         0.00        -0.03             3.77            61.19           -61.48            -3.51
       (O1, H2, O2)    -0.08     0.00     0.00    -0.00    -0.00        32.41       -32.65        -0.03         0.32           -35.77          -591.13           593.98            33.32
   (O1, H2, O2, H3)     8.38    -0.00     0.85     0.04     0.18     -3812.02      3841.00         3.77       -35.77         17265.75         56416.50        -56612.52        -17113.33
   (H3, O2, H2, O1)   141.67    -0.12    -2.00     1.03     3.28    -62363.11     62815.62        61.19      -591.13         56416.50       1149485.23      -1154883.86        -51618.04
   (H4, O2, H2, O1)  -142.42     0.12     2.02    -1.03    -3.30     62652.12    -63107.11       -61.48       593.98        -56612.52      -1154883.86       1160309.88         51790.91
   (O1, H2, O2, H4)    -7.77     0.00    -0.86    -0.03    -0.17      3555.88     -3583.32        -3.51        33.32        -17113.33        -51618.04         51790.91         16981.64

Kinetic energy distribution matrix (normalization check: 1.32)

Internal Coordinate (H1, O2) (O1, H2) (O2, H3) (O2, H4) (O2, H2) (H1, O2, H3) (H1, O2, H4) (H3, O2, H4) (O1, H2, O2)    (O1, H2, O2, H3)    (H3, O2, H2, O1)    (H4, O2, H2, O1)    (O1, H2, O2, H4)
           (H1, O2)     0.00    -0.00    -0.00     0.00     0.00        -0.00         0.00         0.00        -0.00               -0.00                0.11               -0.11                0.00
           (O1, H2)    -0.00     0.00     0.00    -0.00    -0.00         0.00        -0.00        -0.00        -0.00                0.00               -0.00                0.00               -0.00
           (O2, H3)    -0.00     0.00     0.00     0.00    -0.00         0.00        -0.00        -0.00         0.00                0.00               -0.01                0.01               -0.00
           (O2, H4)     0.00    -0.00     0.00     0.00     0.00        -0.00         0.00         0.00        -0.00                0.00                0.01               -0.01               -0.00
           (O2, H2)     0.00    -0.00    -0.00     0.00     0.00         0.00        -0.00         0.00         0.00               -0.01                0.01               -0.01                0.01
       (H1, O2, H3)    -0.00     0.00     0.00    -0.00     0.00        24.52       -24.41        -0.02         0.23              -30.17             -449.00              451.15               28.29
       (H1, O2, H4)     0.00    -0.00    -0.00     0.00    -0.00       -24.41        25.05         0.02        -0.23               31.04              453.18             -455.37              -29.17
       (H3, O2, H4)     0.00    -0.00    -0.00     0.00     0.00        -0.02         0.02         0.00        -0.00                0.03                0.45               -0.45               -0.03
       (O1, H2, O2)    -0.00    -0.00     0.00    -0.00     0.00         0.23        -0.23        -0.00         0.00               -0.30               -4.31                4.33                0.28
   (O1, H2, O2, H3)    -0.00     0.00     0.00     0.00    -0.01       -30.17        31.04         0.03        -0.30  942518236391804.75 -942518236391208.25  951610509302012.12 -951610509302609.25
   (H3, O2, H2, O1)     0.11    -0.00    -0.01     0.01     0.01      -449.00       453.18         0.45        -4.31 -942518236391208.25  942518236400219.00 -951610509311066.00  951610509302050.62
   (H4, O2, H2, O1)    -0.11     0.00     0.01    -0.01    -0.01       451.15      -455.37        -0.45         4.33  951610509302011.88 -951610509311066.12  960790493444351.88 -960790493435292.75
   (O1, H2, O2, H4)     0.00    -0.00    -0.00    -0.00     0.01        28.29       -29.17        -0.03         0.28 -951610509302609.38  951610509302050.75 -960790493435293.12  960790493435852.75

Total energy distribution matrix (normalization check: 1.1)

Internal Coordinate (H1, O2) (O1, H2) (O2, H3) (O2, H4) (O2, H2) (H1, O2, H3) (H1, O2, H4) (H3, O2, H4) (O1, H2, O2)    (O1, H2, O2, H3)    (H3, O2, H2, O1)    (H4, O2, H2, O1)    (O1, H2, O2, H4)
           (H1, O2)     0.01    -0.00    -0.00     0.00     0.00        -3.88         3.91         0.00        -0.04                4.19               70.89              -71.26               -3.88
           (O1, H2)    -0.00     0.00     0.00    -0.00    -0.00         0.00        -0.00        -0.00         0.00               -0.00               -0.06                0.06                0.00
           (O2, H3)    -0.00     0.00     0.00    -0.00    -0.00         0.03        -0.03        -0.00         0.00                0.43               -1.01                1.01               -0.43
           (O2, H4)     0.00    -0.00    -0.00     0.00     0.00        -0.03         0.03         0.00        -0.00                0.02                0.52               -0.52               -0.02
           (O2, H2)     0.00    -0.00    -0.00     0.00     0.00        -0.09         0.09         0.00        -0.00                0.09                1.64               -1.65               -0.08
       (H1, O2, H3)    -3.88     0.00     0.03    -0.03    -0.09      1723.72     -1735.90        -1.69        16.32            -1921.10           -31406.05            31551.63             1792.08
       (H1, O2, H4)     3.91    -0.00    -0.03     0.03     0.09     -1735.90      1748.99         1.70       -16.44             1936.02            31634.40           -31781.24            -1806.25
       (H3, O2, H4)     0.00    -0.00    -0.00     0.00     0.00        -1.69         1.70         0.00        -0.02                1.90               30.82              -30.96               -1.77
       (O1, H2, O2)    -0.04     0.00     0.00    -0.00    -0.00        16.32       -16.44        -0.02         0.16              -18.03             -297.72              299.16               16.80
   (O1, H2, O2, H3)     4.19    -0.00     0.43     0.02     0.09     -1921.10      1936.02         1.90       -18.03  471259118204535.25 -471259118167395.88  475805254622699.81 -475805254659861.31
   (H3, O2, H2, O1)    70.89    -0.06    -1.01     0.52     1.64    -31406.05     31634.40        30.82      -297.72 -471259118167395.88  471259118774852.12 -475805255232974.94  475805254625216.31
   (H4, O2, H2, O1)   -71.26     0.06     1.01    -0.52    -1.65     31551.63    -31781.24       -30.96       299.16  475805254622699.69 -475805255232975.00  480395247302330.88 -480395246691750.94
   (O1, H2, O2, H4)    -3.88     0.00    -0.43    -0.02    -0.08      1792.08     -1806.25        -1.77        16.80 -475805254659861.38  475805254625216.38 -480395246691751.12  480395246726417.19

----- Extended Results: Exact PED, KED and TED analysis per mode -----

Normal mode at the following harmonic frequency: 200 cm-1

Potential energy distribution matrix (normalization check: 1.0)

Internal Coordinate (H1, O2) (O1, H2) (O2, H3) (O2, H4) (O2, H2) (H1, O2, H3) (H1, O2, H4) (H3, O2, H4) (O1, H2, O2) (O1, H2, O2, H3) (H3, O2, H2, O1) (H4, O2, H2, O1) (O1, H2, O2, H4)
           (H1, O2)     0.02    -0.00    -0.00     0.00    -0.01         4.61        -4.87        -0.01        -0.03            -2.30           -38.85            39.16             2.14
           (O1, H2)    -0.00     0.00     0.00    -0.00     0.00        -0.00         0.01         0.00         0.00             0.00             0.04            -0.04            -0.00
           (O2, H3)    -0.00     0.00     0.00    -0.00     0.00        -0.05         0.05         0.00         0.00            -0.32             0.74            -0.75             0.32
           (O2, H4)     0.00    -0.00    -0.00     0.00    -0.00         0.04        -0.04        -0.00        -0.00            -0.01            -0.34             0.34             0.01
           (O2, H2)    -0.01     0.00     0.00    -0.00     0.00        -1.08         1.14         0.00         0.01             0.51             9.10            -9.18            -0.47
       (H1, O2, H3)     4.61    -0.00    -0.05     0.04    -1.08      1625.63     -1716.04        -2.99        -9.15          -835.57        -13669.65         13768.89           781.47
       (H1, O2, H4)    -4.87     0.01     0.05    -0.04     1.14     -1716.04      1811.96         3.16         9.66           882.45         14431.50        -14536.36          -825.40
       (H3, O2, H4)    -0.01     0.00     0.00    -0.00     0.00        -2.99         3.16         0.01         0.02             1.55            25.16           -25.35            -1.45
       (O1, H2, O2)    -0.03     0.00     0.00    -0.00     0.01        -9.15         9.66         0.02         0.05             4.66            77.02           -77.59            -4.35
   (O1, H2, O2, H3)    -2.30     0.00    -0.32    -0.01     0.51      -835.57       882.45         1.55         4.66          1746.71          5707.43         -5742.23         -1735.81
   (H3, O2, H2, O1)   -38.85     0.04     0.74    -0.34     9.10    -13669.65     14431.50        25.16        77.02          5707.43        116288.77       -117140.29         -5235.64
   (H4, O2, H2, O1)    39.16    -0.04    -0.75     0.34    -9.18     13768.89    -14536.36       -25.35       -77.59         -5742.23       -117140.29        117998.24          5266.90
   (O1, H2, O2, H4)     2.14    -0.00     0.32     0.01    -0.47       781.47      -825.40        -1.45        -4.35         -1735.81         -5235.64          5266.90          1726.96

Kinetic energy distribution matrix (normalization check: 0.38)

Internal Coordinate (H1, O2) (O1, H2) (O2, H3) (O2, H4) (O2, H2) (H1, O2, H3) (H1, O2, H4) (H3, O2, H4) (O1, H2, O2)   (O1, H2, O2, H3)   (H3, O2, H2, O1)   (H4, O2, H2, O1)   (O1, H2, O2, H4)
           (H1, O2)     0.00    -0.00    -0.00     0.00    -0.00         0.00        -0.00        -0.00        -0.00               0.00              -0.02               0.02              -0.00
           (O1, H2)    -0.00     0.00     0.00    -0.00     0.00        -0.00         0.00         0.00        -0.00              -0.00               0.00              -0.00               0.00
           (O2, H3)    -0.00     0.00     0.00     0.00     0.00        -0.00         0.00         0.00         0.00              -0.00               0.00              -0.00               0.00
           (O2, H4)     0.00    -0.00     0.00     0.00    -0.00         0.00        -0.00        -0.00        -0.00              -0.00              -0.00               0.00               0.00
           (O2, H2)    -0.00     0.00     0.00    -0.00     0.00         0.00        -0.00         0.00        -0.00              -0.01               0.01              -0.01               0.01
       (H1, O2, H3)     0.00    -0.00    -0.00     0.00     0.00         7.07        -7.37        -0.01        -0.04              -4.01             -59.72              60.16               3.77
       (H1, O2, H4)    -0.00     0.00     0.00    -0.00    -0.00        -7.37         7.93         0.01         0.04               4.33              63.18             -63.65              -4.08
       (H3, O2, H4)    -0.00     0.00     0.00    -0.00     0.00        -0.01         0.01         0.00         0.00               0.01               0.11              -0.11              -0.01
       (O1, H2, O2)    -0.00    -0.00     0.00    -0.00    -0.00        -0.04         0.04         0.00         0.00               0.02               0.34              -0.34              -0.02
   (O1, H2, O2, H3)     0.00    -0.00    -0.00    -0.00    -0.01        -4.01         4.33         0.01         0.02  57857673423421.23 -57857673423384.61  58568488116689.59 -58568488116726.34
   (H3, O2, H2, O1)    -0.02     0.00     0.00    -0.00     0.01       -59.72        63.18         0.11         0.34 -57857673423384.61  57857673423937.74 -58568488117246.83  58568488116691.95
   (H4, O2, H2, O1)     0.02    -0.00    -0.00     0.00    -0.01        60.16       -63.65        -0.11        -0.34  58568488116689.57 -58568488117246.82  59288035576640.75 -59288035576081.74
   (O1, H2, O2, H4)    -0.00     0.00     0.00     0.00     0.01         3.77        -4.08        -0.01        -0.02 -58568488116726.34  58568488116691.95 -59288035576081.75  59288035576116.28

Total energy distribution matrix (normalization check: 0.69)

Internal Coordinate (H1, O2) (O1, H2) (O2, H3) (O2, H4) (O2, H2) (H1, O2, H3) (H1, O2, H4) (H3, O2, H4) (O1, H2, O2)   (O1, H2, O2, H3)   (H3, O2, H2, O1)   (H4, O2, H2, O1)   (O1, H2, O2, H4)
           (H1, O2)     0.01    -0.00    -0.00     0.00    -0.00         2.31        -2.44        -0.00        -0.01              -1.15             -19.44              19.59               1.07
           (O1, H2)    -0.00     0.00     0.00    -0.00     0.00        -0.00         0.00         0.00         0.00               0.00               0.02              -0.02              -0.00
           (O2, H3)    -0.00     0.00     0.00    -0.00     0.00        -0.02         0.03         0.00         0.00              -0.16               0.37              -0.38               0.16
           (O2, H4)     0.00    -0.00    -0.00     0.00    -0.00         0.02        -0.02        -0.00        -0.00              -0.01              -0.17               0.17               0.01
           (O2, H2)    -0.00     0.00     0.00    -0.00     0.00        -0.54         0.57         0.00         0.00               0.25               4.55              -4.59              -0.23
       (H1, O2, H3)     2.31    -0.00    -0.02     0.02    -0.54       816.35      -861.71        -1.50        -4.59            -419.79           -6864.68            6914.53             392.62
       (H1, O2, H4)    -2.44     0.00     0.03    -0.02     0.57      -861.71       909.94         1.59         4.85             443.39            7247.34           -7300.00            -414.74
       (H3, O2, H4)    -0.00     0.00     0.00    -0.00     0.00        -1.50         1.59         0.00         0.01               0.78              12.64             -12.73              -0.73
       (O1, H2, O2)    -0.01     0.00     0.00    -0.00     0.00        -4.59         4.85         0.01         0.03               2.34              38.68             -38.97              -2.19
   (O1, H2, O2, H3)    -1.15     0.00    -0.16    -0.01     0.25      -419.79       443.39         0.78         2.34  28928836712583.96 -28928836708838.59  29284244055473.68 -29284244059231.07
   (H3, O2, H2, O1)   -19.44     0.02     0.37    -0.17     4.55     -6864.68      7247.34        12.64        38.68 -28928836708838.59  28928836770113.26 -29284244117193.56  29284244055728.16
   (H4, O2, H2, O1)    19.59    -0.02    -0.38     0.17    -4.59      6914.53     -7300.00       -12.73       -38.97  29284244055473.67 -29284244117193.55  29644017847319.50 -29644017785407.42
   (O1, H2, O2, H4)     1.07    -0.00     0.16     0.01    -0.23       392.62      -414.74        -0.73        -2.19 -29284244059231.07  29284244055728.16 -29644017785407.43  29644017788921.62

----- Extended Results: Exact PED, KED and TED analysis per mode -----

Normal mode at the following harmonic frequency: 161 cm-1

Potential energy distribution matrix (normalization check: 1.0)

Internal Coordinate (H1, O2) (O1, H2) (O2, H3) (O2, H4) (O2, H2) (H1, O2, H3) (H1, O2, H4) (H3, O2, H4) (O1, H2, O2) (O1, H2, O2, H3) (H3, O2, H2, O1) (H4, O2, H2, O1) (O1, H2, O2, H4)
           (H1, O2)     4.73     0.02    -0.00    -0.00     4.13       -87.27       -83.85        -2.42       -34.50            -0.98           -16.58           205.80            11.23
           (O1, H2)     0.02     0.00    -0.00    -0.00     0.02        -0.31        -0.30        -0.01        -0.12            -0.00            -0.06             0.75             0.02
           (O2, H3)    -0.00    -0.00     0.00     0.00    -0.00         0.11         0.11         0.00         0.04            -0.02             0.04            -0.50             0.21
           (O2, H4)    -0.00    -0.00     0.00     0.00    -0.00         0.09         0.09         0.00         0.03             0.00             0.02            -0.23            -0.01
           (O2, H2)     4.13     0.02    -0.00    -0.00     4.32       -61.61       -59.19        -1.71       -26.27            -0.66           -11.74           145.84             7.49
       (H1, O2, H3)   -87.27    -0.31     0.11     0.09   -61.61      2184.12      2098.17        60.48       790.98            25.31           414.12         -5138.47          -291.64
       (H1, O2, H4)   -83.85    -0.30     0.11     0.09   -59.19      2098.17      2016.12        58.11       759.98            24.33           397.86         -4936.81          -280.32
       (H3, O2, H4)    -2.42    -0.01     0.00     0.00    -1.71        60.48        58.11         1.68        21.91             0.71            11.46          -142.26            -8.13
       (O1, H2, O2)   -34.50    -0.12     0.04     0.03   -26.27       790.98       759.98        21.91       294.40             9.09           150.14         -1863.30          -104.51
   (O1, H2, O2, H3)    -0.98    -0.00    -0.02     0.00    -0.66        25.31        24.33         0.71         9.09             1.19             3.90           -48.32           -14.61
   (H3, O2, H2, O1)   -16.58    -0.06     0.04     0.02   -11.74       414.12       397.86        11.46       150.14             3.90            79.44          -985.72           -44.06
   (H4, O2, H2, O1)   205.80     0.75    -0.50    -0.23   145.84     -5138.47     -4936.81      -142.26     -1863.30           -48.32          -985.72         12231.79           545.97
   (O1, H2, O2, H4)    11.23     0.02     0.21    -0.01     7.49      -291.64      -280.32        -8.13      -104.51           -14.61           -44.06           545.97           179.02

Kinetic energy distribution matrix (normalization check: 1.0)

Internal Coordinate (H1, O2) (O1, H2) (O2, H3) (O2, H4) (O2, H2) (H1, O2, H3) (H1, O2, H4) (H3, O2, H4) (O1, H2, O2) (O1, H2, O2, H3) (H3, O2, H2, O1)  (H4, O2, H2, O1)  (O1, H2, O2, H4)
           (H1, O2)     0.02     0.00    -0.00    -0.00     0.01        -0.02        -0.02        -0.00        -0.01             0.00            -0.00              0.06             -0.00
           (O1, H2)     0.00     0.00    -0.00    -0.00     0.00        -0.00        -0.00        -0.00         0.00             0.00            -0.00              0.00             -0.00
           (O2, H3)    -0.00    -0.00     0.00    -0.00    -0.00         0.00         0.00         0.00         0.00            -0.00             0.00             -0.00              0.00
           (O2, H4)    -0.00    -0.00    -0.00     0.00    -0.00         0.00         0.00         0.00         0.00             0.00             0.00             -0.00             -0.00
           (O2, H2)     0.01     0.00    -0.00    -0.00     0.30         0.03         0.03        -0.00         0.03             0.01            -0.01              0.11             -0.10
       (H1, O2, H3)    -0.02    -0.00     0.00     0.00     0.03         6.18         5.87         0.17         2.21             0.08             1.18            -14.61             -0.92
       (H1, O2, H4)    -0.02    -0.00     0.00     0.00     0.03         5.87         5.74         0.17         2.13             0.08             1.13            -14.06             -0.90
       (H3, O2, H4)    -0.00    -0.00     0.00     0.00    -0.00         0.17         0.17         0.00         0.06             0.00             0.03             -0.41             -0.03
       (O1, H2, O2)    -0.01     0.00     0.00     0.00     0.03         2.21         2.13         0.06         0.97             0.03             0.43             -5.37             -0.34
   (O1, H2, O2, H3)     0.00     0.00    -0.00     0.00     0.01         0.08         0.08         0.00         0.03   25714367777.67  -25714367777.65   320661996457.91  -320661996458.11
   (H3, O2, H2, O1)    -0.00    -0.00     0.00     0.00    -0.01         1.18         1.13         0.03         0.43  -25714367777.65   25714367777.90  -320661996460.96   320661996457.92
   (H4, O2, H2, O1)     0.06     0.00    -0.00    -0.00     0.11       -14.61       -14.06        -0.41        -5.37  320661996457.91 -320661996460.96  3998702859912.24 -3998702859874.53
   (O1, H2, O2, H4)    -0.00    -0.00     0.00    -0.00    -0.10        -0.92        -0.90        -0.03        -0.34 -320661996458.11  320661996457.92 -3998702859874.53  3998702859876.86

Total energy distribution matrix (normalization check: 1.0)

Internal Coordinate (H1, O2) (O1, H2) (O2, H3) (O2, H4) (O2, H2) (H1, O2, H3) (H1, O2, H4) (H3, O2, H4) (O1, H2, O2) (O1, H2, O2, H3) (H3, O2, H2, O1)  (H4, O2, H2, O1)  (O1, H2, O2, H4)
           (H1, O2)     2.37     0.01    -0.00    -0.00     2.07       -43.64       -41.93        -1.21       -17.25            -0.49            -8.29            102.93              5.61
           (O1, H2)     0.01     0.00    -0.00    -0.00     0.01        -0.15        -0.15        -0.00        -0.06            -0.00            -0.03              0.38              0.01
           (O2, H3)    -0.00    -0.00     0.00     0.00    -0.00         0.06         0.06         0.00         0.02            -0.01             0.02             -0.25              0.11
           (O2, H4)    -0.00    -0.00     0.00     0.00    -0.00         0.05         0.05         0.00         0.02             0.00             0.01             -0.11             -0.00
           (O2, H2)     2.07     0.01    -0.00    -0.00     2.31       -30.79       -29.58        -0.85       -13.12            -0.33            -5.87             72.98              3.70
       (H1, O2, H3)   -43.64    -0.15     0.06     0.05   -30.79      1095.15      1052.02        30.33       396.60            12.70           207.65          -2576.54           -146.28
       (H1, O2, H4)   -41.93    -0.15     0.06     0.05   -29.58      1052.02      1010.93        29.14       381.06            12.20           199.50          -2475.44           -140.61
       (H3, O2, H4)    -1.21    -0.00     0.00     0.00    -0.85        30.33        29.14         0.84        10.99             0.35             5.75            -71.34             -4.08
       (O1, H2, O2)   -17.25    -0.06     0.02     0.02   -13.12       396.60       381.06        10.99       147.68             4.56            75.29           -934.33            -52.43
   (O1, H2, O2, H3)    -0.49    -0.00    -0.01     0.00    -0.33        12.70        12.20         0.35         4.56   12857183889.43  -12857183886.88   160330998204.79  -160330998236.36
   (H3, O2, H2, O1)    -8.29    -0.03     0.02     0.01    -5.87       207.65       199.50         5.75        75.29  -12857183886.88   12857183928.67  -160330998723.34   160330998206.93
   (H4, O2, H2, O1)   102.93     0.38    -0.25    -0.11    72.98     -2576.54     -2475.44       -71.34      -934.33  160330998204.79 -160330998723.34  1999351436072.01 -1999351429664.28
   (O1, H2, O2, H4)     5.61     0.01     0.11    -0.00     3.70      -146.28      -140.61        -4.08       -52.43 -160330998236.36  160330998206.93 -1999351429664.28  1999351430027.94

----- Extended Results: Exact PED, KED and TED analysis per mode -----

Normal mode at the following harmonic frequency: 177 cm-1

Potential energy distribution matrix (normalization check: 1.0)

Internal Coordinate (H1, O2) (O1, H2) (O2, H3) (O2, H4) (O2, H2) (H1, O2, H3) (H1, O2, H4) (H3, O2, H4) (O1, H2, O2) (O1, H2, O2, H3) (H3, O2, H2, O1) (H4, O2, H2, O1) (O1, H2, O2, H4)
           (H1, O2)    64.39    -0.07    -0.01    -0.01   -21.80      -283.60      -259.58       -20.71       -93.65             2.04            34.54           544.51            29.71
           (O1, H2)    -0.07     0.00     0.00     0.00     0.03         0.31         0.28         0.02         0.10            -0.00            -0.04            -0.61            -0.02
           (O2, H3)    -0.01     0.00     0.00     0.00     0.00         0.05         0.05         0.00         0.02             0.00            -0.01            -0.18             0.08
           (O2, H4)    -0.01     0.00     0.00     0.00     0.00         0.04         0.04         0.00         0.01            -0.00            -0.01            -0.09            -0.00
           (O2, H2)   -21.80     0.03     0.00     0.00     8.83        77.54        70.97         5.66        27.61            -0.53            -9.47          -149.44            -7.68
       (H1, O2, H3)  -283.60     0.31     0.05     0.04    77.54      1694.12      1550.38       123.70       512.45           -12.59          -205.95         -3244.98          -184.17
       (H1, O2, H4)  -259.58     0.28     0.05     0.04    70.97      1550.38      1419.20       113.22       469.05           -11.53          -188.49         -2970.00          -168.64
       (H3, O2, H4)   -20.71     0.02     0.00     0.00     5.66       123.70       113.22         9.04        37.43            -0.93           -15.03          -236.88           -13.54
       (O1, H2, O2)   -93.65     0.10     0.02     0.01    27.61       512.45       469.05        37.43       159.31            -3.77           -62.36          -982.83           -55.13
   (O1, H2, O2, H3)     2.04    -0.00     0.00    -0.00    -0.53       -12.59       -11.53        -0.93        -3.77             0.38             1.24            19.56             5.91
   (H3, O2, H2, O1)    34.54    -0.04    -0.01    -0.01    -9.47      -205.95      -188.49       -15.03       -62.36             1.24            25.33           399.11            17.84
   (H4, O2, H2, O1)   544.51    -0.61    -0.18    -0.09  -149.44     -3244.98     -2970.00      -236.88      -982.83            19.56           399.11          6288.99           280.71
   (O1, H2, O2, H4)    29.71    -0.02     0.08    -0.00    -7.68      -184.17      -168.64       -13.54       -55.13             5.91            17.84           280.71            92.04

Kinetic energy distribution matrix (normalization check: 1.0)

Internal Coordinate (H1, O2) (O1, H2) (O2, H3) (O2, H4) (O2, H2) (H1, O2, H3) (H1, O2, H4) (H3, O2, H4) (O1, H2, O2) (O1, H2, O2, H3) (H3, O2, H2, O1)  (H4, O2, H2, O1)  (O1, H2, O2, H4)
           (H1, O2)     0.30    -0.00    -0.00    -0.00    -0.08        -0.08        -0.07        -0.01        -0.02            -0.00             0.01              0.20             -0.01
           (O1, H2)    -0.00     0.00     0.00     0.00     0.00         0.00         0.00         0.00        -0.00             0.00            -0.00             -0.00              0.00
           (O2, H3)    -0.00     0.00     0.00    -0.00     0.00         0.00         0.00         0.00         0.00             0.00            -0.00             -0.00              0.00
           (O2, H4)    -0.00     0.00    -0.00     0.00     0.00         0.00         0.00         0.00         0.00            -0.00            -0.00             -0.00             -0.00
           (O2, H2)    -0.08     0.00     0.00     0.00     0.73        -0.05        -0.04         0.00        -0.04             0.01            -0.01             -0.14              0.12
