 .__   __.   ______   .___  ___.   ______    _______   _______   ______   ______      .______   ____    ____ 
 |  \ |  |  /  __  \  |   \/   |  /  __  \  |       \ |   ____| /      | /  __  \     |   _  \  \   \  /   / 
 |   \|  | |  |  |  | |  \  /  | |  |  |  | |  .--.  ||  |__   |  ,----'|  |  |  |    |  |_)  |  \   \/   /  
 |  . `  | |  |  |  | |  |\/|  | |  |  |  | |  |  |  ||   __|  |  |     |  |  |  |    |   ___/    \_    _/   
 |  |\   | |  `--'  | |  |  |  | |  `--'  | |  '--'  ||  |____ |  `----.|  `--'  |  __|  |          |  |     
 |__| \__|  \______/  |__|  |__|  \______/  |_______/ |_______| \______| \______/  (__) _|          |__|     
                                                                                                             


**************************************************************************************************************
                                  Kemal Önen, Dennis F. Dinu, Klaus R. Liedl                                  
                                      Liedl Lab, University of Innsbruck                                      
**************************************************************************************************************

Non-planar system detected. Therefore out-of-plane angles are NOT used in your analysis. Note that out-of-plane angles tend to perform worse
than the other internal coordinates in terms of computational cost and in the decomposition. However they can be
useful for planar systems.

The detected point group is Cs
The following equivalent atoms were found: [['H1'], ['H3', 'H4'], ['O1'], ['O2'], ['H2']] 

The following primitive internals (bonds, (in-plane) angles, linear valence angles, out-of-plane angles and torsions) were generated:
bonds: [('H1', 'O1'), ('H1', 'O2'), ('O1', 'H2'), ('O2', 'H3'), ('O2', 'H4'), ('O2', 'H2')]
in-plane angles: [('H1', 'O1', 'H2'), ('H1', 'O2', 'H3'), ('H1', 'O2', 'H4'), ('O1', 'H1', 'O2'), ('H3', 'O2', 'H4'),
 ('O1', 'H2', 'O2')]
linear valence-angles: []
out-of-plane angles: []
dihedrals: [('H1', 'O1', 'H2', 'O2'), ('H3', 'O2', 'H2', 'O1'), ('H4', 'O2', 'H2', 'O1'), ('O1', 'H2', 'O2', 'H3'),
 ('O1', 'H2', 'O2', 'H4'), ('O1', 'H1', 'O2', 'H4'), ('H2', 'O1', 'H1', 'O2'), ('O2', 'H2', 'O1', 'H1'),
 ('O1', 'H1', 'O2', 'H3')]

12 internal coordinates are at least needed for the decomposition scheme.


Due to having a cyclic molecule, 1 bond(s) is/are removed in the analysis

The following updated Internal Coordinates are used in your analysis:
bonds: [('H1', 'O2'), ('O1', 'H2'), ('O2', 'H3'), ('O2', 'H4'), ('O2', 'H2')]
in-plane angles: [('H1', 'O2', 'H3'), ('H1', 'O2', 'H4'), ('H3', 'O2', 'H4'), ('O1', 'H2', 'O2')]
linear valence-angles: []
out-of-plane angles: []
dihedrals: [('H3', 'O2', 'H2', 'O1'), ('H4', 'O2', 'H2', 'O1'), ('O1', 'H2', 'O2', 'H3'), ('O1', 'H2', 'O2', 'H4')]


Due to having a cyclic molecule, 1 bond(s) is/are removed in the analysis

The following updated Internal Coordinates are used in your analysis:
bonds: [('O1', 'H2'), ('O2', 'H3'), ('O2', 'H4'), ('O2', 'H2'), ('H1', 'O1')]
in-plane angles: [('H1', 'O1', 'H2'), ('H3', 'O2', 'H4'), ('O1', 'H2', 'O2')]
linear valence-angles: []
out-of-plane angles: []
dihedrals: [('H3', 'O2', 'H2', 'O1'), ('H4', 'O2', 'H2', 'O1'), ('O1', 'H2', 'O2', 'H3'), ('O1', 'H2', 'O2', 'H4')]


Due to having a cyclic molecule, 1 bond(s) is/are removed in the analysis

The following updated Internal Coordinates are used in your analysis:
bonds: [('O2', 'H3'), ('O2', 'H4'), ('O2', 'H2'), ('H1', 'O1'), ('H1', 'O2')]
in-plane angles: [('H1', 'O2', 'H3'), ('H1', 'O2', 'H4'), ('O1', 'H1', 'O2'), ('H3', 'O2', 'H4')]
linear valence-angles: []
out-of-plane angles: []
dihedrals: [('O1', 'H1', 'O2', 'H4'), ('O1', 'H1', 'O2', 'H3')]


Due to having a cyclic molecule, 1 bond(s) is/are removed in the analysis

The following updated Internal Coordinates are used in your analysis:
bonds: [('O2', 'H3'), ('O2', 'H4'), ('O2', 'H2'), ('H1', 'O1'), ('H1', 'O2')]
in-plane angles: [('H1', 'O2', 'H3'), ('H1', 'O2', 'H4'), ('O1', 'H1', 'O2'), ('H3', 'O2', 'H4')]
linear valence-angles: []
out-of-plane angles: []
dihedrals: [('O1', 'H1', 'O2', 'H4'), ('O1', 'H1', 'O2', 'H3')]


Due to having a cyclic molecule, 1 bond(s) is/are removed in the analysis

The following updated Internal Coordinates are used in your analysis:
bonds: [('O2', 'H3'), ('O2', 'H4'), ('H1', 'O1'), ('H1', 'O2'), ('O1', 'H2')]
in-plane angles: [('H1', 'O1', 'H2'), ('H1', 'O2', 'H3'), ('H1', 'O2', 'H4'), ('O1', 'H1', 'O2'), ('H3', 'O2', 'H4')]
linear valence-angles: []
out-of-plane angles: []
dihedrals: [('O1', 'H1', 'O2', 'H4'), ('O1', 'H1', 'O2', 'H3')]


-------------------------------- Initialization of an internal coordinate set --------------------------------

The following 13 Internal Coordinates are used in your analysis:
bonds: [('H1', 'O2'), ('O1', 'H2'), ('O2', 'H3'), ('O2', 'H4'), ('O2', 'H2')]
in-plane angles: [('H1', 'O2', 'H3'), ('H1', 'O2', 'H4'), ('H3', 'O2', 'H4'), ('O1', 'H2', 'O2')]
linear valence-angles: []
out-of-plane angles: []
dihedrals: [('H3', 'O2', 'H2', 'O1'), ('H4', 'O2', 'H2', 'O1'), ('O1', 'H2', 'O2', 'H3'), ('O1', 'H2', 'O2', 'H4')]


-------------------------- Results of the Decomposition Scheme ---------------------------

1.) Intrinsic Frequencies for all normal-coordinate frequencies and
    vibrational distribution matrix (exact approximation) at the following
    harmonic frequencies (all frequency values in cm-1):

Internal Coordinate Intrinsic Frequencies 61836 15327   1144     690   2732 128585   2988   2797  4100  4134  4213  5095
           (H1, O2)               2707.13 -0.00  0.00   0.12    0.63   0.17  -0.00  -0.01   0.18  0.06  0.01  0.27  0.00
           (O1, H2)               4092.34  0.00 -0.00   0.00   -0.00  -0.00  -0.00  -0.00   0.01  0.65  0.01  0.32  0.00
           (O2, H3)               4216.64  0.00 -0.00  -0.00   -0.00  -0.00  -0.00  -0.01  -0.00  0.01  0.50 -0.00  0.35
           (O2, H4)               4167.45 -0.00  0.00   0.00    0.00   0.00   0.00   0.01   0.00  0.01  0.49 -0.00  0.33
           (O2, H2)                701.15 -0.00 -0.00   0.17   -0.25   0.02   0.00  -0.01   0.02  0.13  0.00 -0.11 -0.00
       (H1, O2, H3)               3779.20 -0.01 -0.03  -0.27   -0.99  -0.22   0.00   0.32   0.21  0.10  0.01  0.51 -0.01
       (H1, O2, H4)               3501.31  0.01  0.03  -0.31   -1.02  -0.19  -0.00   0.34   0.19  0.07  0.00  0.39  0.00
       (H3, O2, H4)               4923.27  0.00  0.00  -0.01   -0.08  -0.02  -0.00  -1.39  -0.64 -0.03  0.01  0.01  0.00
       (O1, H2, O2)                   nan  0.00 -0.00  -0.40   -0.55  -0.12   0.00  -0.02   0.02  0.00 -0.00 -0.02 -0.00
   (H3, O2, H2, O1)             319837.69  4.89  6.48  -3.54    6.72  13.35   5.08  20.61  11.66  0.41  0.13 -1.12 -9.55
   (H4, O2, H2, O1)             304095.67  4.43  5.96 -43.58 -103.29   0.90   4.60 -21.41 -10.23 -0.73  0.99  1.20 -9.60
   (O1, H2, O2, H3)                   nan -3.90 -5.43   3.65   -6.67 -11.99  -4.08 -19.26 -10.85 -0.40 -0.12  1.08  9.82
   (O1, H2, O2, H4)                   nan -4.42 -6.01  45.16  106.49  -0.91  -4.60  21.81  10.51  0.76 -1.01 -1.25  9.64

Check if matrix is normalized: 1.0

2.) Intrinsic Frequencies for all normal-coordinate frequencies and
    diagonal elements of the PED matrix at the following
    harmonic frequencies (all frequency values in cm-1):

Internal Coordinate Intrinsic Frequencies    61836    15327      1144       690     2732   128585     2988    2797 4100  4134 4213    5095
           (H1, O2)               2707.13     0.00     0.00      0.09      4.24     0.17     0.00     0.00    0.28 0.02  0.00 0.10    0.00
           (O1, H2)               4092.34     0.00     0.00      0.00      0.00     0.00     0.00     0.00    0.00 1.00  0.02 0.20    0.00
           (O2, H3)               4216.64     0.00     0.00      0.00      0.00     0.00     0.00     0.00    0.00 0.02  0.50 0.00    0.34
           (O2, H4)               4167.45     0.00     0.00      0.00      0.00     0.00     0.00     0.00    0.00 0.02  0.49 0.00    0.35
           (O2, H2)                701.15     0.00     0.00      0.09      0.58     0.00     0.00     0.00    0.00 0.16  0.00 0.03    0.00
       (H1, O2, H3)               3779.20     0.06     0.28     43.31    111.60    10.00     0.00    17.69    1.90 0.07  0.00 0.32    0.05
       (H1, O2, H4)               3501.31     0.06     0.31     39.98     93.49     8.05     0.00    17.73    1.58 0.04  0.00 0.19    0.05
       (H3, O2, H4)               4923.27     0.00     0.00      0.03      0.60     0.09     0.00   484.17   19.25 0.00  0.01 0.00    0.00
       (O1, H2, O2)                   nan     0.00     0.00      5.84     10.49     1.81     0.00     0.15    3.93 0.00  0.00 0.00    0.00
   (H3, O2, H2, O1)             319837.69 17501.36 17486.54   1394.38   1476.86 24674.67 17482.89 30184.54 4975.88 1.41  0.31 1.67 5646.69
   (H4, O2, H2, O1)             304095.67 16100.07 16170.63 195677.47 334191.39   115.36 16050.05 32544.99 3894.12 4.44 18.31 1.92 5177.06
   (O1, H2, O2, H3)                   nan 16295.03 16281.24   1298.27   1375.06 22973.90 16277.84 28103.99 4632.91 1.31  0.29 1.55 5257.48
   (O1, H2, O2, H4)                   nan 17290.72 17366.50 210148.44 358905.91   123.90 17237.00 34951.79 4182.10 4.77 19.66 2.06 5559.92

3.) Intrinsic Frequencies for all normal-coordinate frequencies and
    contribution table calculated from the diagonal elements of the PED at the following
    harmonic frequencies (all frequency values in cm-1):

Internal Coordinate Intrinsic Frequencies 61836 15327  1144   690  2732 128585  2988  2797  4100  4134  4213  5095
           (H1, O2)               2707.13  0.00  0.00  0.00  0.00  0.00   0.00  0.00  0.00  0.18  0.01  1.27  0.00
           (O1, H2)               4092.34  0.00  0.00  0.00  0.00  0.00   0.00  0.00  0.00  7.52  0.06  2.50  0.00
           (O2, H3)               4216.64  0.00  0.00  0.00  0.00  0.00   0.00  0.00  0.00  0.12  1.27  0.01  0.00
           (O2, H4)               4167.45  0.00  0.00  0.00  0.00  0.00   0.00  0.00  0.00  0.12  1.23  0.01  0.00
           (O2, H2)                701.15  0.00  0.00  0.00  0.00  0.00   0.00  0.00  0.00  1.20  0.01  0.35  0.00
       (H1, O2, H3)               3779.20  0.00  0.00  0.01  0.02  0.02   0.00  0.01  0.01  0.49  0.01  3.96  0.00
       (H1, O2, H4)               3501.31  0.00  0.00  0.01  0.01  0.02   0.00  0.01  0.01  0.30  0.00  2.39  0.00
       (H3, O2, H4)               4923.27  0.00  0.00  0.00  0.00  0.00   0.00  0.38  0.11  0.03  0.03  0.00  0.00
       (O1, H2, O2)                   nan  0.00  0.00  0.00  0.00  0.00   0.00  0.00  0.02  0.00  0.00  0.01  0.00
   (H3, O2, H2, O1)             319837.69 26.05 25.98  0.34  0.21 51.50  26.08 23.90 28.09 10.62  0.78 20.70 26.09
   (H4, O2, H2, O1)             304095.67 23.96 24.03 47.89 48.00  0.24  23.94 25.77 21.99 33.53 46.23 23.88 23.92
   (O1, H2, O2, H3)                   nan 24.25 24.19  0.32  0.20 47.95  24.28 22.25 26.16  9.89  0.72 19.27 24.29
   (O1, H2, O2, H4)                   nan 25.74 25.80 51.43 51.55  0.26  25.71 27.67 23.61 36.01 49.65 25.65 25.69

----- Extended Results: Exact PED, KED and TED analysis per mode -----

Normal mode at the following harmonic frequency: 61836 cm-1

Potential energy distribution matrix (normalization check: 1.0)

Internal Coordinate (H1, O2) (O1, H2) (O2, H3) (O2, H4) (O2, H2) (H1, O2, H3) (H1, O2, H4) (H3, O2, H4) (O1, H2, O2) (H3, O2, H2, O1) (H4, O2, H2, O1) (O1, H2, O2, H3) (O1, H2, O2, H4)
           (H1, O2)     0.00    -0.00    -0.00     0.00     0.00        -0.00         0.00         0.00        -0.00             0.07             0.07            -0.07            -0.07
           (O1, H2)    -0.00     0.00     0.00    -0.00    -0.00         0.00        -0.00        -0.00         0.00            -0.00            -0.00             0.00             0.00
           (O2, H3)    -0.00     0.00     0.00    -0.00    -0.00         0.00        -0.00        -0.00         0.00            -0.00            -0.00             0.00             0.00
           (O2, H4)     0.00    -0.00    -0.00     0.00     0.00        -0.00         0.00         0.00        -0.00             0.00             0.00            -0.00            -0.00
           (O2, H2)     0.00    -0.00    -0.00     0.00     0.00        -0.00         0.00         0.00        -0.00             0.00             0.00            -0.00            -0.00
       (H1, O2, H3)    -0.00     0.00     0.00    -0.00    -0.00         0.06        -0.06        -0.00         0.00           -31.31           -29.98            30.16            31.12
       (H1, O2, H4)     0.00    -0.00    -0.00     0.00     0.00        -0.06         0.06         0.00        -0.00            31.54            30.20           -30.38           -31.35
       (H3, O2, H4)     0.00    -0.00    -0.00     0.00     0.00        -0.00         0.00         0.00        -0.00             0.03             0.03            -0.03            -0.03
       (O1, H2, O2)    -0.00     0.00     0.00    -0.00    -0.00         0.00        -0.00        -0.00         0.00            -0.30            -0.28             0.29             0.29
   (H3, O2, H2, O1)     0.07    -0.00    -0.00     0.00     0.00       -31.31        31.54         0.03        -0.30         17501.36         16785.52        -16886.59        -17395.60
   (H4, O2, H2, O1)     0.07    -0.00    -0.00     0.00     0.00       -29.98        30.20         0.03        -0.28         16785.52         16100.07        -16197.09        -16684.27
   (O1, H2, O2, H3)    -0.07     0.00     0.00    -0.00    -0.00        30.16       -30.38        -0.03         0.29        -16886.59        -16197.09         16295.03         16784.93
   (O1, H2, O2, H4)    -0.07     0.00     0.00    -0.00    -0.00        31.12       -31.35        -0.03         0.29        -17395.60        -16684.27         16784.93         17290.72

Kinetic energy distribution matrix (normalization check: -36.33)

Internal Coordinate (H1, O2) (O1, H2) (O2, H3) (O2, H4) (O2, H2) (H1, O2, H3) (H1, O2, H4) (H3, O2, H4) (O1, H2, O2)      (H3, O2, H2, O1)      (H4, O2, H2, O1)      (O1, H2, O2, H3)      (O1, H2, O2, H4)
           (H1, O2)     0.00    -0.00    -0.00     0.00     0.00        -0.00         0.00         0.00        -0.00                  3.67                  3.54                 -3.57                 -3.65
           (O1, H2)    -0.00     0.00     0.00    -0.00    -0.00         0.00        -0.00        -0.00        -0.00                 -0.00                 -0.00                  0.00                  0.00
           (O2, H3)    -0.00     0.00     0.00     0.00    -0.00         0.00        -0.00        -0.00         0.00                 -0.50                 -0.49                  0.49                  0.50
           (O2, H4)     0.00    -0.00     0.00     0.00     0.00        -0.00         0.00         0.00        -0.00                  0.15                  0.14                 -0.14                 -0.15
           (O2, H2)     0.00    -0.00    -0.00     0.00     0.00         0.00        -0.00         0.00         0.00                 -0.04                 -0.04                  0.04                  0.04
       (H1, O2, H3)    -0.00     0.00     0.00    -0.00     0.00        24.52       -24.41        -0.02         0.23             -13337.88             -12774.23              12858.71              13253.67
       (H1, O2, H4)     0.00    -0.00    -0.00     0.00    -0.00       -24.41        25.05         0.02        -0.23              13420.64              12851.40             -12936.42             -13335.94
       (H3, O2, H4)     0.00    -0.00    -0.00     0.00     0.00        -0.02         0.02         0.00        -0.00                 13.39                 12.82                -12.90                -13.30
       (O1, H2, O2)    -0.00    -0.00     0.00    -0.00     0.00         0.23        -0.23        -0.00         0.00               -127.51               -122.09                122.90                126.70
   (H3, O2, H2, O1)     3.67    -0.00    -0.50     0.15    -0.04    -13337.88     13420.64        13.39      -127.51  91912584072622768.00  91320725290878640.00 -91912584072355568.00 -91320725291146016.00
   (H4, O2, H2, O1)     3.54    -0.00    -0.49     0.14    -0.04    -12774.23     12851.40        12.82      -122.09  91320725290878640.00  90732677704543088.00 -91320725290622752.00 -90732677704799152.00
   (O1, H2, O2, H3)    -3.57     0.00     0.49    -0.14     0.04     12858.71    -12936.42       -12.90       122.90 -91912584072355568.00 -91320725290622736.00  91912584072097952.00  91320725290880512.00
   (O1, H2, O2, H4)    -3.65     0.00     0.50    -0.15     0.04     13253.67    -13335.94       -13.30       126.70 -91320725291146016.00 -90732677704799152.00  91320725290880496.00  90732677705064848.00

Total energy distribution matrix (normalization check: 13.76)

Internal Coordinate (H1, O2) (O1, H2) (O2, H3) (O2, H4) (O2, H2) (H1, O2, H3) (H1, O2, H4) (H3, O2, H4) (O1, H2, O2)      (H3, O2, H2, O1)      (H4, O2, H2, O1)      (O1, H2, O2, H3)      (O1, H2, O2, H4)
           (H1, O2)     0.00    -0.00    -0.00     0.00     0.00        -0.00         0.00         0.00        -0.00                  1.87                  1.81                 -1.82                 -1.86
           (O1, H2)    -0.00     0.00     0.00    -0.00    -0.00         0.00        -0.00        -0.00        -0.00                 -0.00                 -0.00                  0.00                  0.00
           (O2, H3)    -0.00     0.00     0.00     0.00    -0.00         0.00        -0.00        -0.00         0.00                 -0.25                 -0.25                  0.25                  0.25
           (O2, H4)     0.00    -0.00     0.00     0.00     0.00        -0.00         0.00         0.00        -0.00                  0.08                  0.07                 -0.07                 -0.07
           (O2, H2)     0.00    -0.00    -0.00     0.00     0.00         0.00        -0.00         0.00         0.00                 -0.02                 -0.02                  0.02                  0.02
       (H1, O2, H3)    -0.00     0.00     0.00    -0.00     0.00        12.29       -12.23        -0.01         0.12              -6684.60              -6402.10               6444.43               6642.39
       (H1, O2, H4)     0.00    -0.00    -0.00     0.00    -0.00       -12.23        12.56         0.01        -0.12               6726.09               6440.80              -6483.40              -6683.64
       (H3, O2, H4)     0.00    -0.00    -0.00     0.00     0.00        -0.01         0.01         0.00        -0.00                  6.71                  6.42                 -6.47                 -6.67
       (O1, H2, O2)    -0.00    -0.00     0.00    -0.00     0.00         0.12        -0.12        -0.00         0.00                -63.90                -61.19                 61.59                 63.50
   (H3, O2, H2, O1)     1.87    -0.00    -0.25     0.08    -0.02     -6684.60      6726.09         6.71       -63.90  45956292036320136.00  45660362645447712.00 -45956292036186224.00 -45660362645581704.00
   (H4, O2, H2, O1)     1.81    -0.00    -0.25     0.07    -0.02     -6402.10      6440.80         6.42       -61.19  45660362645447712.00  45366338852279592.00 -45660362645319472.00 -45366338852407920.00
   (O1, H2, O2, H3)    -1.82     0.00     0.25    -0.07     0.02      6444.43     -6483.40        -6.47        61.59 -45956292036186224.00 -45660362645319464.00  45956292036057120.00  45660362645448648.00
   (O1, H2, O2, H4)    -1.86     0.00     0.25    -0.07     0.02      6642.39     -6683.64        -6.67        63.50 -45660362645581704.00 -45366338852407920.00  45660362645448640.00  45366338852541072.00

----- Extended Results: Exact PED, KED and TED analysis per mode -----

Normal mode at the following harmonic frequency: 15327 cm-1

Potential energy distribution matrix (normalization check: 1.0)

Internal Coordinate (H1, O2) (O1, H2) (O2, H3) (O2, H4) (O2, H2) (H1, O2, H3) (H1, O2, H4) (H3, O2, H4) (O1, H2, O2) (H3, O2, H2, O1) (H4, O2, H2, O1) (O1, H2, O2, H3) (O1, H2, O2, H4)
           (H1, O2)     0.00    -0.00    -0.00     0.00    -0.00         0.00        -0.00        -0.00        -0.00            -0.19            -0.18             0.19             0.19
           (O1, H2)    -0.00     0.00     0.00    -0.00     0.00        -0.00         0.00         0.00         0.00             0.00             0.00            -0.00            -0.00
           (O2, H3)    -0.00     0.00     0.00    -0.00     0.00        -0.00         0.00         0.00         0.00             0.01             0.01            -0.01            -0.01
           (O2, H4)     0.00    -0.00    -0.00     0.00    -0.00         0.00        -0.00        -0.00        -0.00            -0.00            -0.00             0.00             0.00
           (O2, H2)    -0.00     0.00     0.00    -0.00     0.00        -0.00         0.00         0.00         0.00             0.04             0.04            -0.04            -0.04
       (H1, O2, H3)     0.00    -0.00    -0.00     0.00    -0.00         0.28        -0.29        -0.00        -0.00           -67.78           -65.06            65.29            67.54
       (H1, O2, H4)    -0.00     0.00     0.00    -0.00     0.00        -0.29         0.31         0.00         0.00            71.57            68.70           -68.93           -71.32
       (H3, O2, H4)    -0.00     0.00     0.00    -0.00     0.00        -0.00         0.00         0.00         0.00             0.12             0.12            -0.12            -0.12
       (O1, H2, O2)    -0.00     0.00     0.00    -0.00     0.00        -0.00         0.00         0.00         0.00             0.38             0.37            -0.37            -0.38
   (H3, O2, H2, O1)    -0.19     0.00     0.01    -0.00     0.04       -67.78        71.57         0.12         0.38         17486.54         16815.14        -16872.29        -17426.30
   (H4, O2, H2, O1)    -0.18     0.00     0.01    -0.00     0.04       -65.06        68.70         0.12         0.37         16815.14         16170.63        -16225.67        -16757.39
   (O1, H2, O2, H3)     0.19    -0.00    -0.01     0.00    -0.04        65.29       -68.93        -0.12        -0.37        -16872.29        -16225.67         16281.24         16814.55
   (O1, H2, O2, H4)     0.19    -0.00    -0.01     0.00    -0.04        67.54       -71.32        -0.12        -0.38        -17426.30        -16757.39         16814.55         17366.50

Kinetic energy distribution matrix (normalization check: 0.92)

Internal Coordinate (H1, O2) (O1, H2) (O2, H3) (O2, H4) (O2, H2) (H1, O2, H3) (H1, O2, H4) (H3, O2, H4) (O1, H2, O2)     (H3, O2, H2, O1)     (H4, O2, H2, O1)     (O1, H2, O2, H3)     (O1, H2, O2, H4)
           (H1, O2)     0.00    -0.00    -0.00     0.00    -0.00         0.00        -0.00        -0.00        -0.00                -0.61                -0.59                 0.59                 0.61
           (O1, H2)    -0.00     0.00     0.00    -0.00     0.00        -0.00         0.00         0.00        -0.00                 0.00                 0.00                -0.00                -0.00
           (O2, H3)    -0.00     0.00     0.00     0.00     0.00        -0.00         0.00         0.00         0.00                 0.11                 0.11                -0.11                -0.11
           (O2, H4)     0.00    -0.00     0.00     0.00    -0.00         0.00        -0.00        -0.00        -0.00                -0.03                -0.03                 0.03                 0.03
           (O2, H2)    -0.00     0.00     0.00    -0.00     0.00         0.00        -0.00         0.00        -0.00                -0.07                -0.07                 0.07                 0.07
       (H1, O2, H3)     0.00    -0.00    -0.00     0.00     0.00         7.07        -7.37        -0.01        -0.04             -1774.00             -1703.47              1710.27              1767.41
       (H1, O2, H4)    -0.00     0.00     0.00    -0.00    -0.00        -7.37         7.93         0.01         0.04              1870.91              1796.24             -1803.41             -1863.96
       (H3, O2, H4)    -0.00     0.00     0.00    -0.00     0.00        -0.01         0.01         0.00         0.00                 3.34                 3.21                -3.22                -3.33
       (O1, H2, O2)    -0.00    -0.00     0.00    -0.00    -0.00        -0.04         0.04         0.00         0.00                10.08                 9.68                -9.72               -10.04
   (H3, O2, H2, O1)    -0.61     0.00     0.11    -0.03    -0.07     -1774.00      1870.91         3.34        10.08  5642170164404041.00  5620489435251543.00 -5642170164387638.00 -5620489435268000.00
   (H4, O2, H2, O1)    -0.59     0.00     0.11    -0.03    -0.07     -1703.47      1796.24         3.21         9.68  5620489435251544.00  5598892016953951.00 -5620489435235794.00 -5598892016969752.00
   (O1, H2, O2, H3)     0.59    -0.00    -0.11     0.03     0.07      1710.27     -1803.41        -3.22        -9.72 -5642170164387638.00 -5620489435235793.00  5642170164371825.00  5620489435251658.00
   (O1, H2, O2, H4)     0.61    -0.00    -0.11     0.03     0.07      1767.41     -1863.96        -3.33       -10.04 -5620489435268000.00 -5598892016969752.00  5620489435251658.00  5598892016986148.00

Total energy distribution matrix (normalization check: 1.84)

Internal Coordinate (H1, O2) (O1, H2) (O2, H3) (O2, H4) (O2, H2) (H1, O2, H3) (H1, O2, H4) (H3, O2, H4) (O1, H2, O2)     (H3, O2, H2, O1)     (H4, O2, H2, O1)     (O1, H2, O2, H3)     (O1, H2, O2, H4)
           (H1, O2)     0.00    -0.00    -0.00     0.00    -0.00         0.00        -0.00        -0.00        -0.00                -0.40                -0.39                 0.39                 0.40
           (O1, H2)    -0.00     0.00     0.00    -0.00     0.00        -0.00         0.00         0.00        -0.00                 0.00                 0.00                -0.00                -0.00
           (O2, H3)    -0.00     0.00     0.00     0.00     0.00        -0.00         0.00         0.00         0.00                 0.06                 0.06                -0.06                -0.06
           (O2, H4)     0.00    -0.00     0.00     0.00    -0.00         0.00        -0.00        -0.00        -0.00                -0.02                -0.01                 0.01                 0.02
           (O2, H2)    -0.00     0.00     0.00    -0.00     0.00         0.00        -0.00         0.00        -0.00                -0.01                -0.01                 0.01                 0.01
       (H1, O2, H3)     0.00    -0.00    -0.00     0.00     0.00         3.67        -3.83        -0.01        -0.02              -920.89              -884.27               887.78               917.47
       (H1, O2, H4)    -0.00     0.00     0.00    -0.00    -0.00        -3.83         4.12         0.01         0.02               971.24               932.47              -936.17              -967.64
       (H3, O2, H4)    -0.00     0.00     0.00    -0.00     0.00        -0.01         0.01         0.00         0.00                 1.73                 1.66                -1.67                -1.73
       (O1, H2, O2)    -0.00    -0.00     0.00    -0.00    -0.00        -0.02         0.02         0.00         0.00                 5.23                 5.02                -5.04                -5.21
   (H3, O2, H2, O1)    -0.40     0.00     0.06    -0.02    -0.01      -920.89       971.24         1.73         5.23  2821085082210764.00  2810244717634179.00 -2821085082202255.00 -2810244717642713.00
   (H4, O2, H2, O1)    -0.39     0.00     0.06    -0.01    -0.01      -884.27       932.47         1.66         5.02  2810244717634179.50  2799446008485061.00 -2810244717626010.00 -2799446008493254.50
   (O1, H2, O2, H3)     0.39    -0.00    -0.06     0.01     0.01       887.78      -936.17        -1.67        -5.04 -2821085082202255.00 -2810244717626009.50  2821085082194053.00  2810244717634236.50
   (O1, H2, O2, H4)     0.40    -0.00    -0.06     0.02     0.01       917.47      -967.64        -1.73        -5.21 -2810244717642713.00 -2799446008493254.50  2810244717634236.50  2799446008501757.50

----- Extended Results: Exact PED, KED and TED analysis per mode -----

Normal mode at the following harmonic frequency: 1144 cm-1

Potential energy distribution matrix (normalization check: 1.0)

Internal Coordinate (H1, O2) (O1, H2) (O2, H3) (O2, H4) (O2, H2) (H1, O2, H3) (H1, O2, H4) (H3, O2, H4) (O1, H2, O2) (H3, O2, H2, O1) (H4, O2, H2, O1) (O1, H2, O2, H3) (O1, H2, O2, H4)
           (H1, O2)     0.09     0.00    -0.00    -0.00     0.08        -1.73        -1.66        -0.05        -0.68            -9.55          -113.03             9.23           117.42
           (O1, H2)     0.00     0.00    -0.00    -0.00     0.00        -0.01        -0.01        -0.00        -0.00            -0.03            -0.39             0.03             0.41
           (O2, H3)    -0.00    -0.00     0.00     0.00    -0.00         0.00         0.00         0.00         0.00             0.03             0.42            -0.03            -0.43
           (O2, H4)    -0.00    -0.00     0.00     0.00    -0.00         0.00         0.00         0.00         0.00             0.01             0.08            -0.01            -0.08
           (O2, H2)     0.08     0.00    -0.00    -0.00     0.09        -1.22        -1.17        -0.03        -0.52            -6.73           -79.72             6.53            82.88
       (H1, O2, H3)    -1.73    -0.01     0.00     0.00    -1.22        43.31        41.61         1.20        15.69           239.71          2834.47          -230.90         -2942.52
       (H1, O2, H4)    -1.66    -0.01     0.00     0.00    -1.17        41.61        39.98         1.15        15.07           230.32          2723.44          -221.85         -2827.30
       (H3, O2, H4)    -0.05    -0.00     0.00     0.00    -0.03         1.20         1.15         0.03         0.43             6.64            78.48            -6.39           -81.47
       (O1, H2, O2)    -0.68    -0.00     0.00     0.00    -0.52        15.69        15.07         0.43         5.84            86.82          1026.86           -83.71         -1066.23
   (H3, O2, H2, O1)    -9.55    -0.03     0.03     0.01    -6.73       239.71       230.32         6.64        86.82          1394.38         16517.56         -1345.40        -17117.90
   (H4, O2, H2, O1)  -113.03    -0.39     0.42     0.08   -79.72      2834.47      2723.44        78.48      1026.86         16517.56        195677.47        -15938.51       -202777.73
   (O1, H2, O2, H3)     9.23     0.03    -0.03    -0.01     6.53      -230.90      -221.85        -6.39       -83.71         -1345.40        -15938.51          1298.27         16516.97
   (O1, H2, O2, H4)   117.42     0.41    -0.43    -0.08    82.88     -2942.52     -2827.30       -81.47     -1066.23        -17117.90       -202777.73         16516.97        210148.44

Kinetic energy distribution matrix (normalization check: 1.12)

Internal Coordinate (H1, O2) (O1, H2) (O2, H3) (O2, H4) (O2, H2) (H1, O2, H3) (H1, O2, H4) (H3, O2, H4) (O1, H2, O2)   (H3, O2, H2, O1)    (H4, O2, H2, O1)   (O1, H2, O2, H3)    (O1, H2, O2, H4)
           (H1, O2)     0.02     0.00    -0.00    -0.00     0.01        -0.02        -0.02        -0.00        -0.01              -0.17               -2.02               0.16                2.08
           (O1, H2)     0.00     0.00    -0.00    -0.00     0.00        -0.00        -0.00        -0.00         0.00              -0.00               -0.01               0.00                0.01
           (O2, H3)    -0.00    -0.00     0.00    -0.00    -0.00         0.00         0.00         0.00         0.00               0.00                0.05              -0.00               -0.05
           (O2, H4)    -0.00    -0.00    -0.00     0.00    -0.00         0.00         0.00         0.00         0.00               0.00                0.01              -0.00               -0.01
           (O2, H2)     0.01     0.00    -0.00    -0.00     0.30         0.03         0.03        -0.00         0.03               0.06                0.71              -0.06               -0.70
       (H1, O2, H3)    -0.02    -0.00     0.00     0.00     0.03         6.18         5.87         0.17         2.21              34.97              413.63             -33.71             -429.15
       (H1, O2, H4)    -0.02    -0.00     0.00     0.00     0.03         5.87         5.74         0.17         2.13              33.56              396.91             -32.35             -411.88
       (H3, O2, H4)    -0.00    -0.00     0.00     0.00    -0.00         0.17         0.17         0.00         0.06               0.99               11.71              -0.95              -12.15
       (O1, H2, O2)    -0.01     0.00     0.00     0.00     0.03         2.21         2.13         0.06         0.97              12.79              151.21             -12.32             -156.92
   (H3, O2, H2, O1)    -0.17    -0.00     0.00     0.00     0.06        34.97        33.56         0.99        12.79   2507616191372.08   30772133980777.18  -2507616191364.79  -30772133980867.28
   (H4, O2, H2, O1)    -2.02    -0.01     0.05     0.01     0.71       413.63       396.91        11.71       151.21  30772133980777.18  377619283600525.56 -30772133980690.95 -377619283601591.25
   (O1, H2, O2, H3)     0.16     0.00    -0.00    -0.00    -0.06       -33.71       -32.35        -0.95       -12.32  -2507616191364.79  -30772133980690.95   2507616191357.76   30772133980777.80
   (O1, H2, O2, H4)     2.08     0.01    -0.05    -0.01    -0.70      -429.15      -411.88       -12.15      -156.92 -30772133980867.28 -377619283601591.25  30772133980777.81  377619283602697.06

Total energy distribution matrix (normalization check: 1.06)

Internal Coordinate (H1, O2) (O1, H2) (O2, H3) (O2, H4) (O2, H2) (H1, O2, H3) (H1, O2, H4) (H3, O2, H4) (O1, H2, O2)   (H3, O2, H2, O1)    (H4, O2, H2, O1)   (O1, H2, O2, H3)    (O1, H2, O2, H4)
           (H1, O2)     0.06     0.00    -0.00    -0.00     0.05        -0.88        -0.84        -0.02        -0.35              -4.86              -57.52               4.70               59.75
           (O1, H2)     0.00     0.00    -0.00    -0.00     0.00        -0.00        -0.00        -0.00        -0.00              -0.02               -0.20               0.02                0.21
           (O2, H3)    -0.00    -0.00     0.00     0.00    -0.00         0.00         0.00         0.00         0.00               0.02                0.23              -0.02               -0.24
           (O2, H4)    -0.00    -0.00     0.00     0.00    -0.00         0.00         0.00         0.00         0.00               0.00                0.04              -0.00               -0.05
           (O2, H2)     0.05     0.00    -0.00    -0.00     0.19        -0.60        -0.57        -0.02        -0.24              -3.34              -39.50               3.23               41.09
       (H1, O2, H3)    -0.88    -0.00     0.00     0.00    -0.60        24.75        23.74         0.69         8.95             137.34             1624.05            -132.30            -1685.83
       (H1, O2, H4)    -0.84    -0.00     0.00     0.00    -0.57        23.74        22.86         0.66         8.60             131.94             1560.18            -127.10            -1619.59
       (H3, O2, H4)    -0.02    -0.00     0.00     0.00    -0.02         0.69         0.66         0.02         0.25               3.81               45.09              -3.67              -46.81
       (O1, H2, O2)    -0.35    -0.00     0.00     0.00    -0.24         8.95         8.60         0.25         3.40              49.80              589.03             -48.02             -611.57
   (H3, O2, H2, O1)    -4.86    -0.02     0.02     0.00    -3.34       137.34       131.94         3.81        49.80   1253808096383.23   15386066998647.37  -1253808096355.09  -15386066998992.59
   (H4, O2, H2, O1)   -57.52    -0.20     0.23     0.04   -39.50      1624.05      1560.18        45.09       589.03  15386066998647.37  188809641898101.50 -15386066998314.73 -188809641902184.50
   (O1, H2, O2, H3)     4.70     0.02    -0.02    -0.00     3.23      -132.30      -127.10        -3.67       -48.02  -1253808096355.09  -15386066998314.73   1253808096328.01   15386066998647.39
   (O1, H2, O2, H4)    59.75     0.21    -0.24    -0.05    41.09     -1685.83     -1619.59       -46.81      -611.57 -15386066998992.59 -188809641902184.50  15386066998647.39  188809641906422.75

----- Extended Results: Exact PED, KED and TED analysis per mode -----

Normal mode at the following harmonic frequency: 690 cm-1

Potential energy distribution matrix (normalization check: 1.0)

Internal Coordinate (H1, O2) (O1, H2) (O2, H3) (O2, H4) (O2, H2) (H1, O2, H3) (H1, O2, H4) (H3, O2, H4) (O1, H2, O2) (H3, O2, H2, O1) (H4, O2, H2, O1) (O1, H2, O2, H3) (O1, H2, O2, H4)
           (H1, O2)     4.24    -0.00    -0.00    -0.00    -1.44       -18.68       -17.10        -1.36        -6.17            66.09          -993.37           -63.88          1032.00
           (O1, H2)    -0.00     0.00     0.00     0.00     0.00         0.02         0.02         0.00         0.01            -0.07             1.05             0.07            -1.09
           (O2, H3)    -0.00     0.00     0.00     0.00     0.00         0.00         0.00         0.00         0.00            -0.03             0.50             0.03            -0.51
           (O2, H4)    -0.00     0.00     0.00     0.00     0.00         0.00         0.00         0.00         0.00            -0.01             0.10             0.01            -0.10
           (O2, H2)    -1.44     0.00     0.00     0.00     0.58         5.11         4.68         0.37         1.82           -18.04           271.34            17.49          -282.08
       (H1, O2, H3)   -18.68     0.02     0.00     0.00     5.11       111.60       102.13         8.15        33.76          -395.99          5945.86           381.43         -6172.51
       (H1, O2, H4)   -17.10     0.02     0.00     0.00     4.68       102.13        93.49         7.46        30.90          -362.46          5442.40           349.13         -5649.96
       (H3, O2, H4)    -1.36     0.00     0.00     0.00     0.37         8.15         7.46         0.60         2.47           -28.91           434.06            27.84          -450.62
       (O1, H2, O2)    -6.17     0.01     0.00     0.00     1.82        33.76        30.90         2.47        10.49          -119.79          1799.17           115.50         -1868.14
   (H3, O2, H2, O1)    66.09    -0.07    -0.03    -0.01   -18.04      -395.99      -362.46       -28.91      -119.79          1476.86        -22215.31         -1424.98         23022.74
   (H4, O2, H2, O1)  -993.37     1.05     0.50     0.10   271.34      5945.86      5442.40       434.06      1799.17        -22215.31        334191.39         21436.53       -346317.70
   (O1, H2, O2, H3)   -63.88     0.07     0.03     0.01    17.49       381.43       349.13        27.84       115.50         -1424.98         21436.53          1375.06        -22214.52
   (O1, H2, O2, H4)  1032.00    -1.09    -0.51    -0.10  -282.08     -6172.51     -5649.96      -450.62     -1868.14         23022.74       -346317.70        -22214.52        358905.91

Kinetic energy distribution matrix (normalization check: 1.01)

Internal Coordinate (H1, O2) (O1, H2) (O2, H3) (O2, H4) (O2, H2) (H1, O2, H3) (H1, O2, H4) (H3, O2, H4) (O1, H2, O2)   (H3, O2, H2, O1)    (H4, O2, H2, O1)   (O1, H2, O2, H3)    (O1, H2, O2, H4)
           (H1, O2)     0.30    -0.00    -0.00    -0.00    -0.08        -0.08        -0.07        -0.01        -0.02               0.43               -6.47              -0.42                6.66
