 .__   __.   ______   .___  ___.   ______    _______   _______   ______   ______      .______   ____    ____ 
 |  \ |  |  /  __  \  |   \/   |  /  __  \  |       \ |   ____| /      | /  __  \     |   _  \  \   \  /   / 
 |   \|  | |  |  |  | |  \  /  | |  |  |  | |  .--.  ||  |__   |  ,----'|  |  |  |    |  |_)  |  \   \/   /  
 |  . `  | |  |  |  | |  |\/|  | |  |  |  | |  |  |  ||   __|  |  |     |  |  |  |    |   ___/    \_    _/   
 |  |\   | |  `--'  | |  |  |  | |  `--'  | |  '--'  ||  |____ |  `----.|  `--'  |  __|  |          |  |     
 |__| \__|  \______/  |__|  |__|  \______/  |_______/ |_______| \______| \______/  (__) _|          |__|     
                                                                                                             


**************************************************************************************************************
                                  Kemal Önen, Dennis F. Dinu, Klaus R. Liedl                                  
                                      Liedl Lab, University of Innsbruck                                      
**************************************************************************************************************

Non-planar system detected. Therefore out-of-plane angles are NOT used in your analysis. Note that out-of-plane angles tend to perform worse
than the other internal coordinates in terms of computational cost and in the decomposition. However they can be
useful for planar systems.

The detected point group is Cs
The following equivalent atoms were found: [['H1'], ['H3', 'H4'], ['O1'], ['O2'], ['H2']] 

The following primitive internals (bonds, (in-plane) angles, linear valence angles, out-of-plane angles and torsions) were generated:
bonds: [('H1', 'O1'), ('H1', 'O2'), ('O1', 'H2'), ('O2', 'H3'), ('O2', 'H4'), ('O2', 'H2')]
in-plane angles: [('H1', 'O1', 'H2'), ('H1', 'O2', 'H3'), ('H1', 'O2', 'H4'), ('O1', 'H1', 'O2'), ('H3', 'O2', 'H4'),
 ('O1', 'H2', 'O2')]
linear valence-angles: []
out-of-plane angles: []
dihedrals: [('H3', 'O2', 'H2', 'O1'), ('H4', 'O2', 'H2', 'O1'), ('H2', 'O1', 'H1', 'O2'), ('O2', 'H2', 'O1', 'H1'),
 ('O1', 'H1', 'O2', 'H4'), ('O1', 'H2', 'O2', 'H4'), ('H1', 'O1', 'H2', 'O2'), ('O1', 'H2', 'O2', 'H3'),
 ('O1', 'H1', 'O2', 'H3')]

12 internal coordinates are at least needed for the decomposition scheme.


Due to having a cyclic molecule, 1 bond(s) is/are removed in the analysis

The following updated Internal Coordinates are used in your analysis:
bonds: [('H1', 'O2'), ('O1', 'H2'), ('O2', 'H3'), ('O2', 'H4'), ('O2', 'H2')]
in-plane angles: [('H1', 'O2', 'H3'), ('H1', 'O2', 'H4'), ('H3', 'O2', 'H4'), ('O1', 'H2', 'O2')]
linear valence-angles: []
out-of-plane angles: []
dihedrals: [('H3', 'O2', 'H2', 'O1'), ('H4', 'O2', 'H2', 'O1'), ('O1', 'H2', 'O2', 'H4'), ('O1', 'H2', 'O2', 'H3')]


Due to having a cyclic molecule, 1 bond(s) is/are removed in the analysis

The following updated Internal Coordinates are used in your analysis:
bonds: [('O1', 'H2'), ('O2', 'H3'), ('O2', 'H4'), ('O2', 'H2'), ('H1', 'O1')]
in-plane angles: [('H1', 'O1', 'H2'), ('H3', 'O2', 'H4'), ('O1', 'H2', 'O2')]
linear valence-angles: []
out-of-plane angles: []
dihedrals: [('H3', 'O2', 'H2', 'O1'), ('H4', 'O2', 'H2', 'O1'), ('O1', 'H2', 'O2', 'H4'), ('O1', 'H2', 'O2', 'H3')]


Due to having a cyclic molecule, 1 bond(s) is/are removed in the analysis

The following updated Internal Coordinates are used in your analysis:
bonds: [('O2', 'H3'), ('O2', 'H4'), ('O2', 'H2'), ('H1', 'O1'), ('H1', 'O2')]
in-plane angles: [('H1', 'O2', 'H3'), ('H1', 'O2', 'H4'), ('O1', 'H1', 'O2'), ('H3', 'O2', 'H4')]
linear valence-angles: []
out-of-plane angles: []
dihedrals: [('O1', 'H1', 'O2', 'H4'), ('O1', 'H1', 'O2', 'H3')]


Due to having a cyclic molecule, 1 bond(s) is/are removed in the analysis

The following updated Internal Coordinates are used in your analysis:
bonds: [('O2', 'H3'), ('O2', 'H4'), ('O2', 'H2'), ('H1', 'O1'), ('H1', 'O2')]
in-plane angles: [('H1', 'O2', 'H3'), ('H1', 'O2', 'H4'), ('O1', 'H1', 'O2'), ('H3', 'O2', 'H4')]
linear valence-angles: []
out-of-plane angles: []
dihedrals: [('O1', 'H1', 'O2', 'H4'), ('O1', 'H1', 'O2', 'H3')]


Due to having a cyclic molecule, 1 bond(s) is/are removed in the analysis

The following updated Internal Coordinates are used in your analysis:
bonds: [('O2', 'H3'), ('O2', 'H4'), ('H1', 'O1'), ('H1', 'O2'), ('O1', 'H2')]
in-plane angles: [('H1', 'O1', 'H2'), ('H1', 'O2', 'H3'), ('H1', 'O2', 'H4'), ('O1', 'H1', 'O2'), ('H3', 'O2', 'H4')]
linear valence-angles: []
out-of-plane angles: []
dihedrals: [('O1', 'H1', 'O2', 'H4'), ('O1', 'H1', 'O2', 'H3')]


-------------------------------- Initialization of an internal coordinate set --------------------------------

The following 13 Internal Coordinates are used in your analysis:
bonds: [('H1', 'O2'), ('O1', 'H2'), ('O2', 'H3'), ('O2', 'H4'), ('O2', 'H2')]
in-plane angles: [('H1', 'O2', 'H3'), ('H1', 'O2', 'H4'), ('H3', 'O2', 'H4'), ('O1', 'H2', 'O2')]
linear valence-angles: []
out-of-plane angles: []
dihedrals: [('H3', 'O2', 'H2', 'O1'), ('H4', 'O2', 'H2', 'O1'), ('O1', 'H2', 'O2', 'H4'), ('O1', 'H2', 'O2', 'H3')]


-------------------------- Results of the Decomposition Scheme ---------------------------

1.) Intrinsic Frequencies for all normal-coordinate frequencies and
    vibrational distribution matrix (exact approximation) at the following
    harmonic frequencies (all frequency values in cm-1):

Internal Coordinate Intrinsic Frequencies    858    300   165   181   359   1889  1740  1815  4097  4137  4210  4223
           (H1, O2)               2695.00  -0.02  -0.02 -0.08 -0.11  0.43  -0.00  0.00  0.27  0.06  0.01  0.27  0.00
           (O1, H2)               4083.74   0.00  -0.00  0.00  0.00 -0.00  -0.00  0.00  0.02  0.65  0.01  0.32  0.00
           (O2, H3)               4204.65  -0.00   0.00  0.00  0.00 -0.00   0.00  0.00 -0.00  0.01  0.50 -0.00  0.49
           (O2, H4)               4198.20  -0.00   0.00 -0.00 -0.00  0.00   0.00 -0.00 -0.00  0.01  0.49 -0.00  0.51
           (O2, H2)                701.17  -0.00  -0.00  0.22  0.72  0.04   0.00  0.00  0.03  0.14  0.00 -0.11 -0.00
       (H1, O2, H3)               3728.81  -1.14 -18.12 -0.37 -1.08 -0.94   0.69 -0.20  0.37  0.10  0.01  0.51 -0.00
       (H1, O2, H4)               3158.67   1.15  19.21 -0.26 -0.93 -0.83  -0.70 -0.21  0.34  0.07  0.00  0.40  0.00
       (H3, O2, H4)               6666.78   0.00   0.03 -0.01 -0.08 -0.10  -0.00  2.08 -1.14 -0.03  0.01  0.01  0.00
       (O1, H2, O2)                   nan   0.02   0.09  0.34 -0.01  0.45  -0.00 -0.01 -0.05  0.00 -0.00 -0.02 -0.00
   (H3, O2, H2, O1)               9146.62  15.42  91.47 -0.05  0.07  1.16  31.63 -0.05  0.38  0.01  0.00 -0.02 -0.43
   (H4, O2, H2, O1)                   nan  -6.75 -70.74  0.70  1.19 -0.06 -20.49 -0.28  0.27  0.02  0.01 -0.02 -0.43
   (O1, H2, O2, H4)                   nan -15.07 -91.62  0.57  1.13 -0.08 -31.24 -0.06  0.35  0.01 -0.03 -0.03  0.43
   (O1, H2, O2, H3)               7795.44   7.39  70.91 -0.06  0.08  0.88  21.11 -0.26  0.30  0.01 -0.00 -0.02  0.43

Check if matrix is normalized: 1.0

2.) Intrinsic Frequencies for all normal-coordinate frequencies and
    diagonal elements of the PED matrix at the following
    harmonic frequencies (all frequency values in cm-1):

Internal Coordinate Intrinsic Frequencies      858      300     165     181    359     1889    1740  1815 4097 4137 4210 4223
           (H1, O2)               2695.00     0.00     0.01    4.51   61.66   9.62     0.00    0.01  0.66 0.02 0.00 0.10 0.00
           (O1, H2)               4083.74     0.00     0.00    0.00    0.00   0.00     0.00    0.00  0.01 1.00 0.02 0.20 0.00
           (O2, H3)               4204.65     0.00     0.00    0.00    0.00   0.00     0.00    0.01  0.00 0.02 0.50 0.00 0.50
           (O2, H4)               4198.20     0.00     0.00    0.00    0.00   0.00     0.00    0.01  0.00 0.02 0.49 0.00 0.51
           (O2, H2)                701.17     0.00     0.00    4.12    8.45   0.03     0.00    0.00  0.00 0.16 0.00 0.03 0.00
       (H1, O2, H3)               3728.81   305.53   719.71 2084.24 1622.37 577.97    17.70   52.16  4.52 0.07 0.00 0.32 0.07
       (H1, O2, H4)               3158.67   309.99   802.20 1923.91 1359.09 465.59    18.89   52.27  3.76 0.04 0.00 0.19 0.07
       (H3, O2, H4)               6666.78     0.00     0.00    1.60    8.66   5.19     0.00 1427.51 45.72 0.00 0.01 0.00 0.00
       (O1, H2, O2)                   nan     0.03     0.02  280.93  152.56 104.65     0.00    0.43  9.34 0.00 0.00 0.00 0.00
   (H3, O2, H2, O1)               9146.62 38715.96 19427.14   28.60    9.15 608.08 34529.75   37.94  5.04 0.00 0.00 0.00 3.50
   (H4, O2, H2, O1)                   nan 26762.05 13499.12 3016.15 1556.25   2.14 23819.36   30.74  2.96 0.00 0.01 0.00 2.41
   (O1, H2, O2, H4)                   nan 38774.48 19558.34 4369.98 2254.80   3.10 34510.93   44.53  4.29 0.00 0.01 0.00 3.50
   (O1, H2, O2, H3)               7795.44 26776.89 13436.28   19.78    6.33 420.56 23881.61   26.24  3.48 0.00 0.00 0.00 2.42

3.) Intrinsic Frequencies for all normal-coordinate frequencies and
    contribution table calculated from the diagonal elements of the PED at the following
    harmonic frequencies (all frequency values in cm-1):

Internal Coordinate Intrinsic Frequencies   858   300   165   181   359  1889  1740  1815  4097  4137  4210  4223
           (H1, O2)               2695.00  0.00  0.00  0.04  0.88  0.44  0.00  0.00  0.82  1.78  0.42 12.08  0.00
           (O1, H2)               4083.74  0.00  0.00  0.00  0.00  0.00  0.00  0.00  0.01 75.23  2.33 23.71  0.00
           (O2, H3)               4204.65  0.00  0.00  0.00  0.00  0.00  0.00  0.00  0.00  1.21 47.66  0.10  3.85
           (O2, H4)               4198.20  0.00  0.00  0.00  0.00  0.00  0.00  0.00  0.00  1.18 46.18  0.08  3.94
           (O2, H2)                701.17  0.00  0.00  0.04  0.12  0.00  0.00  0.00  0.00 11.98  0.23  3.34  0.00
       (H1, O2, H3)               3728.81  0.23  1.07 17.76 23.05 26.31  0.02  3.12  5.67  4.92  0.35 37.60  0.57
       (H1, O2, H4)               3158.67  0.24  1.19 16.40 19.31 21.19  0.02  3.13  4.71  3.04  0.18 22.67  0.56
       (H3, O2, H4)               6666.78  0.00  0.00  0.01  0.12  0.24  0.00 85.39 57.30  0.34  1.22  0.02  0.00
       (O1, H2, O2)                   nan  0.00  0.00  2.39  2.17  4.76  0.00  0.03 11.71  0.00  0.04  0.06  0.00
   (H3, O2, H2, O1)               9146.62 29.41 28.81  0.24  0.13 27.68 29.57  2.27  6.32  0.05  0.01  0.08 26.96
   (H4, O2, H2, O1)                   nan 20.33 20.02 25.70 22.11  0.10 20.40  1.84  3.71  0.11  0.56  0.07 18.57
   (O1, H2, O2, H4)                   nan 29.45 29.00 37.24 32.03  0.14 29.55  2.66  5.38  0.16  0.81  0.11 26.91
   (O1, H2, O2, H3)               7795.44 20.34 19.92  0.17  0.09 19.14 20.45  1.57  4.37  0.03  0.01  0.06 18.65

----- Extended Results: Exact PED, KED and TED analysis per mode -----

Normal mode at the following harmonic frequency: 858 cm-1

Potential energy distribution matrix (normalization check: 1.0)

Internal Coordinate (H1, O2) (O1, H2) (O2, H3) (O2, H4) (O2, H2) (H1, O2, H3) (H1, O2, H4) (H3, O2, H4) (O1, H2, O2) (H3, O2, H2, O1) (H4, O2, H2, O1) (O1, H2, O2, H4) (O1, H2, O2, H3)
           (H1, O2)     0.00    -0.00    -0.00     0.00     0.00        -0.69         0.70         0.00        -0.01             7.39            -5.99            -7.40             5.98
           (O1, H2)    -0.00     0.00     0.00    -0.00    -0.00         0.00        -0.00        -0.00         0.00            -0.01             0.00             0.01            -0.00
           (O2, H3)    -0.00     0.00     0.00    -0.00    -0.00         0.01        -0.01        -0.00         0.00            -0.21            -0.10             0.21             0.10
           (O2, H4)     0.00    -0.00    -0.00     0.00     0.00        -0.00         0.00         0.00        -0.00             0.05            -0.05            -0.05             0.05
           (O2, H2)     0.00    -0.00    -0.00     0.00     0.00        -0.02         0.02         0.00        -0.00             0.17            -0.14            -0.17             0.14
       (H1, O2, H3)    -0.69     0.00     0.01    -0.00    -0.02       305.53      -307.71        -0.30         2.89         -3262.74          2644.64          3265.10         -2646.27
       (H1, O2, H4)     0.70    -0.00    -0.01     0.00     0.02      -307.71       309.99         0.30        -2.91          3286.60         -2663.60         -3289.03          2665.22
       (H3, O2, H4)     0.00    -0.00    -0.00     0.00     0.00        -0.30         0.30         0.00        -0.00             3.20            -2.60            -3.20             2.60
       (O1, H2, O2)    -0.01     0.00     0.00    -0.00    -0.00         2.89        -2.91        -0.00         0.03           -30.91            25.04            30.94           -25.04
   (H3, O2, H2, O1)     7.39    -0.01    -0.21     0.05     0.17     -3262.74      3286.60         3.20       -30.91         38715.96        -24379.34        -38745.12         24403.50
   (H4, O2, H2, O1)    -5.99     0.00    -0.10    -0.05    -0.14      2644.64     -2663.60        -2.60        25.04        -24379.34         26762.05         24396.24        -26769.26
   (O1, H2, O2, H4)    -7.40     0.01     0.21    -0.05    -0.17      3265.10     -3289.03        -3.20        30.94        -38745.12         24396.24         38774.48        -24420.17
   (O1, H2, O2, H3)     5.98    -0.00     0.10     0.05     0.14     -2646.27      2665.22         2.60       -25.04         24403.50        -26769.26        -24420.17         26776.89

Kinetic energy distribution matrix (normalization check: 0.32)

Internal Coordinate (H1, O2) (O1, H2) (O2, H3) (O2, H4) (O2, H2) (H1, O2, H3) (H1, O2, H4) (H3, O2, H4) (O1, H2, O2)     (H3, O2, H2, O1)     (H4, O2, H2, O1)     (O1, H2, O2, H4)     (O1, H2, O2, H3)
           (H1, O2)     0.00    -0.00    -0.00     0.00     0.00        -0.00         0.00         0.00        -0.00                 0.08                -0.03                -0.08                 0.03
           (O1, H2)    -0.00     0.00     0.00    -0.00    -0.00         0.00        -0.00        -0.00        -0.00                -0.00                -0.00                 0.00                 0.00
           (O2, H3)    -0.00     0.00     0.00     0.00    -0.00         0.00        -0.00        -0.00         0.00                -0.01                -0.00                 0.01                 0.00
           (O2, H4)     0.00    -0.00     0.00     0.00     0.00        -0.00         0.00         0.00        -0.00                 0.00                -0.00                -0.00                 0.00
           (O2, H2)     0.00    -0.00    -0.00     0.00     0.00         0.00        -0.00         0.00         0.00                 0.01                 0.00                -0.01                -0.00
       (H1, O2, H3)    -0.00     0.00     0.00    -0.00     0.00        24.52       -24.41        -0.02         0.23              -266.43               212.85               266.59              -212.75
       (H1, O2, H4)     0.00    -0.00    -0.00     0.00    -0.00       -24.41        25.05         0.02        -0.23               267.48              -216.87              -267.67               216.73
       (H3, O2, H4)     0.00    -0.00    -0.00     0.00     0.00        -0.02         0.02         0.00        -0.00                 0.27                -0.21                -0.27                 0.21
       (O1, H2, O2)    -0.00    -0.00     0.00    -0.00     0.00         0.23        -0.23        -0.00         0.00                -2.54                 2.07                 2.54                -2.07
   (H3, O2, H2, O1)     0.08    -0.00    -0.01     0.00     0.01      -266.43       267.48         0.27        -2.54  1870086956697168.75  1872248710486781.25 -1872248710492123.00 -1870086956691830.25
   (H4, O2, H2, O1)    -0.03    -0.00    -0.00    -0.00     0.00       212.85      -216.87        -0.21         2.07  1872248710486781.25  1874412963196258.50 -1874412963191985.00 -1872248710491052.00
   (O1, H2, O2, H4)    -0.08     0.00     0.01    -0.00    -0.01       266.59      -267.67        -0.27         2.54 -1872248710492123.25 -1874412963191985.00  1874412963197330.25  1872248710486781.00
   (O1, H2, O2, H3)     0.03     0.00     0.00     0.00    -0.00      -212.75       216.73         0.21        -2.07 -1870086956691830.25 -1872248710491052.00  1872248710486781.00  1870086956696098.50

Total energy distribution matrix (normalization check: 0.86)

Internal Coordinate (H1, O2) (O1, H2) (O2, H3) (O2, H4) (O2, H2) (H1, O2, H3) (H1, O2, H4) (H3, O2, H4) (O1, H2, O2)    (H3, O2, H2, O1)    (H4, O2, H2, O1)    (O1, H2, O2, H4)    (O1, H2, O2, H3)
           (H1, O2)     0.00    -0.00    -0.00     0.00     0.00        -0.35         0.35         0.00        -0.00                3.73               -3.01               -3.74                3.00
           (O1, H2)    -0.00     0.00     0.00    -0.00    -0.00         0.00        -0.00        -0.00         0.00               -0.00                0.00                0.00               -0.00
           (O2, H3)    -0.00     0.00     0.00    -0.00    -0.00         0.00        -0.00        -0.00         0.00               -0.11               -0.05                0.11                0.05
           (O2, H4)     0.00    -0.00    -0.00     0.00     0.00        -0.00         0.00         0.00        -0.00                0.03               -0.03               -0.03                0.03
           (O2, H2)     0.00    -0.00    -0.00     0.00     0.00        -0.01         0.01         0.00        -0.00                0.09               -0.07               -0.09                0.07
       (H1, O2, H3)    -0.35     0.00     0.00    -0.00    -0.01       165.02      -166.06        -0.16         1.56            -1764.58             1428.75             1765.85            -1429.51
       (H1, O2, H4)     0.35    -0.00    -0.00     0.00     0.01      -166.06       167.52         0.16        -1.57             1777.04            -1440.23            -1778.35             1440.98
       (H3, O2, H4)     0.00    -0.00    -0.00     0.00     0.00        -0.16         0.16         0.00        -0.00                1.73               -1.41               -1.73                1.41
       (O1, H2, O2)    -0.00     0.00     0.00    -0.00    -0.00         1.56        -1.57        -0.00         0.02              -16.72               13.55               16.74              -13.55
   (H3, O2, H2, O1)     3.73    -0.00    -0.11     0.03     0.09     -1764.58      1777.04         1.73       -16.72  935043478367942.38  936124355231201.00 -936124355265434.00 -935043478333713.38
   (H4, O2, H2, O1)    -3.01     0.00    -0.05    -0.03    -0.07      1428.75     -1440.23        -1.41        13.55  936124355231201.00  937206481611510.25 -937206481583794.38 -936124355258910.62
   (O1, H2, O2, H4)    -3.74     0.00     0.11    -0.03    -0.09      1765.85     -1778.35        -1.73        16.74 -936124355265434.12 -937206481583794.38  937206481618052.38  936124355231180.38
   (O1, H2, O2, H3)     3.00    -0.00     0.05     0.03     0.07     -1429.51      1440.98         1.41       -13.55 -935043478333713.38 -936124355258910.62  936124355231180.38  935043478361437.75

----- Extended Results: Exact PED, KED and TED analysis per mode -----

Normal mode at the following harmonic frequency: 300 cm-1

Potential energy distribution matrix (normalization check: 1.0)

Internal Coordinate (H1, O2) (O1, H2) (O2, H3) (O2, H4) (O2, H2) (H1, O2, H3) (H1, O2, H4) (H3, O2, H4) (O1, H2, O2) (H3, O2, H2, O1) (H4, O2, H2, O1) (O1, H2, O2, H4) (O1, H2, O2, H3)
           (H1, O2)     0.01    -0.00    -0.00     0.00    -0.00         2.04        -2.16        -0.00        -0.01           -10.05             8.17            10.10            -8.13
           (O1, H2)    -0.00     0.00     0.00    -0.00     0.00        -0.00         0.00         0.00         0.00             0.01            -0.01            -0.01             0.01
           (O2, H3)    -0.00     0.00     0.00    -0.00     0.00        -0.02         0.02         0.00         0.00             0.38             0.19            -0.38            -0.19
           (O2, H4)     0.00    -0.00    -0.00     0.00    -0.00         0.02        -0.02        -0.00        -0.00            -0.08             0.08             0.08            -0.08
           (O2, H2)    -0.00     0.00     0.00    -0.00     0.00        -0.48         0.50         0.00         0.00             2.35            -1.90            -2.36             1.89
       (H1, O2, H3)     2.04    -0.00    -0.02     0.02    -0.48       719.71      -759.74        -1.33        -4.05         -3547.29          2882.80          3559.13         -2877.06
       (H1, O2, H4)    -2.16     0.00     0.02    -0.02     0.50      -759.74       802.20         1.40         4.28          3745.20         -3043.21         -3757.77          3037.12
       (H3, O2, H4)    -0.00     0.00     0.00    -0.00     0.00        -1.33         1.40         0.00         0.01             6.52            -5.32            -6.55             5.31
       (O1, H2, O2)    -0.01     0.00     0.00    -0.00     0.00        -4.05         4.28         0.01         0.02            19.97           -16.22           -20.05            16.18
   (H3, O2, H2, O1)   -10.05     0.01     0.38    -0.08     2.35     -3547.29      3745.20         6.52        19.97         19427.14        -12265.20        -19492.59         12245.34
   (H4, O2, H2, O1)     8.17    -0.01     0.19     0.08    -1.90      2882.80     -3043.21        -5.32       -16.22        -12265.20         13499.12         12305.77        -13467.56
   (O1, H2, O2, H4)    10.10    -0.01    -0.38     0.08    -2.36      3559.13     -3757.77        -6.55       -20.05        -19492.59         12305.77         19558.34        -12285.73
   (O1, H2, O2, H3)    -8.13     0.01    -0.19    -0.08     1.89     -2877.06      3037.12         5.31        16.18         12245.34        -13467.56        -12285.73         13436.28

Kinetic energy distribution matrix (normalization check: 0.32)

Internal Coordinate (H1, O2) (O1, H2) (O2, H3) (O2, H4) (O2, H2) (H1, O2, H3) (H1, O2, H4) (H3, O2, H4) (O1, H2, O2)    (H3, O2, H2, O1)    (H4, O2, H2, O1)    (O1, H2, O2, H4)    (O1, H2, O2, H3)
           (H1, O2)     0.00    -0.00    -0.00     0.00    -0.00         0.00        -0.00        -0.00        -0.00               -0.01                0.00                0.01               -0.00
           (O1, H2)    -0.00     0.00     0.00    -0.00     0.00        -0.00         0.00         0.00        -0.00                0.00                0.00               -0.00               -0.00
           (O2, H3)    -0.00     0.00     0.00     0.00     0.00        -0.00         0.00         0.00         0.00                0.00                0.00               -0.00               -0.00
           (O2, H4)     0.00    -0.00     0.00     0.00    -0.00         0.00        -0.00        -0.00        -0.00               -0.00                0.00                0.00               -0.00
           (O2, H2)    -0.00     0.00     0.00    -0.00     0.00         0.00        -0.00         0.00        -0.00                0.01                0.01               -0.01               -0.01
       (H1, O2, H3)     0.00    -0.00    -0.00     0.00     0.00         7.07        -7.37        -0.01        -0.04              -35.44               28.38               35.55              -28.30
       (H1, O2, H4)    -0.00     0.00     0.00    -0.00    -0.00        -7.37         7.93         0.01         0.04               37.29              -30.31              -37.41               30.21
       (H3, O2, H4)    -0.00     0.00     0.00    -0.00     0.00        -0.01         0.01         0.00         0.00                0.07               -0.05               -0.07                0.05
       (O1, H2, O2)    -0.00    -0.00     0.00    -0.00    -0.00        -0.04         0.04         0.00         0.00                0.20               -0.16               -0.20                0.16
   (H3, O2, H2, O1)    -0.01     0.00     0.00    -0.00     0.01       -35.44        37.29         0.07         0.20  114797651903475.97  115230732825830.30 -115230732826159.06 -114797651903148.27
   (H4, O2, H2, O1)     0.00     0.00     0.00     0.00     0.01        28.38       -30.31        -0.05        -0.16  115230732825830.30  115665447572138.11 -115665447571874.39 -115230732826093.12
   (O1, H2, O2, H4)     0.01    -0.00    -0.00     0.00    -0.01        35.55       -37.41        -0.07        -0.20 -115230732826159.06 -115665447571874.39  115665447572204.23  115230732825830.27
   (O1, H2, O2, H3)    -0.00    -0.00    -0.00    -0.00    -0.01       -28.30        30.21         0.05         0.16 -114797651903148.27 -115230732826093.14  115230732825830.27  114797651903410.28

Total energy distribution matrix (normalization check: 0.7)

Internal Coordinate (H1, O2) (O1, H2) (O2, H3) (O2, H4) (O2, H2) (H1, O2, H3) (H1, O2, H4) (H3, O2, H4) (O1, H2, O2)   (H3, O2, H2, O1)   (H4, O2, H2, O1)   (O1, H2, O2, H4)   (O1, H2, O2, H3)
           (H1, O2)     0.00    -0.00    -0.00     0.00    -0.00         1.02        -1.08        -0.00        -0.01              -5.03               4.09               5.06              -4.07
           (O1, H2)    -0.00     0.00     0.00    -0.00     0.00        -0.00         0.00         0.00         0.00               0.01              -0.00              -0.01               0.00
           (O2, H3)    -0.00     0.00     0.00    -0.00     0.00        -0.01         0.01         0.00         0.00               0.19               0.10              -0.19              -0.10
           (O2, H4)     0.00    -0.00    -0.00     0.00    -0.00         0.01        -0.01        -0.00        -0.00              -0.04               0.04               0.04              -0.04
           (O2, H2)    -0.00     0.00     0.00    -0.00     0.00        -0.24         0.25         0.00         0.00               1.18              -0.95              -1.19               0.94
       (H1, O2, H3)     1.02    -0.00    -0.01     0.01    -0.24       363.39      -383.56        -0.67        -2.04           -1791.36            1455.59            1797.34           -1452.68
       (H1, O2, H4)    -1.08     0.00     0.01    -0.01     0.25      -383.56       405.07         0.71         2.16            1891.24           -1536.76           -1897.59            1533.67
       (H3, O2, H4)    -0.00     0.00     0.00    -0.00     0.00        -0.67         0.71         0.00         0.00               3.30              -2.68              -3.31               2.68
       (O1, H2, O2)    -0.01     0.00     0.00    -0.00     0.00        -2.04         2.16         0.00         0.01              10.09              -8.19             -10.12               8.17
   (H3, O2, H2, O1)    -5.03     0.01     0.19    -0.04     1.18     -1791.36      1891.24         3.30        10.09  57398825961451.55  57615366406782.55 -57615366422825.83 -57398825945451.46
   (H4, O2, H2, O1)     4.09    -0.00     0.10     0.04    -0.95      1455.59     -1536.76        -2.68        -8.19  57615366406782.55  57832723792818.62 -57832723779784.30 -57615366419780.34
   (O1, H2, O2, H4)     5.06    -0.01    -0.19     0.04    -1.19      1797.34     -1897.59        -3.31       -10.12 -57615366422825.83 -57832723779784.30  57832723795881.29  57615366406772.27
   (O1, H2, O2, H3)    -4.07     0.00    -0.10    -0.04     0.94     -1452.68      1533.67         2.68         8.17 -57398825945451.46 -57615366419780.35  57615366406772.27  57398825958423.28

----- Extended Results: Exact PED, KED and TED analysis per mode -----

Normal mode at the following harmonic frequency: 165 cm-1

Potential energy distribution matrix (normalization check: 1.0)

Internal Coordinate (H1, O2) (O1, H2) (O2, H3) (O2, H4) (O2, H2) (H1, O2, H3) (H1, O2, H4) (H3, O2, H4) (O1, H2, O2) (H3, O2, H2, O1) (H4, O2, H2, O1) (O1, H2, O2, H4) (O1, H2, O2, H3)
           (H1, O2)     4.51     0.02    -0.00    -0.00     3.95       -83.28       -80.01        -2.31       -32.92            -9.24            92.53           114.37            -7.48
           (O1, H2)     0.02     0.00    -0.00    -0.00     0.02        -0.29        -0.28        -0.01        -0.12            -0.03             0.32             0.41            -0.03
           (O2, H3)    -0.00    -0.00     0.00     0.00    -0.00         0.11         0.11         0.00         0.04             0.04             0.28            -0.55            -0.02
           (O2, H4)    -0.00    -0.00     0.00     0.00    -0.00         0.09         0.09         0.00         0.03             0.01            -0.11            -0.11             0.01
           (O2, H2)     3.95     0.02    -0.00    -0.00     4.12       -58.79       -56.49        -1.63       -25.07            -6.54            65.09            80.96            -5.25
       (H1, O2, H3)   -83.28    -0.29     0.11     0.09   -58.79      2084.24      2002.21        57.72       754.80           231.63         -2318.90         -2862.94           187.87
       (H1, O2, H4)   -80.01    -0.28     0.11     0.09   -56.49      2002.21      1923.91        55.45       725.22           222.55         -2227.69         -2750.77           180.48
       (H3, O2, H4)    -2.31    -0.01     0.00     0.00    -1.63        57.72        55.45         1.60        20.91             6.41           -64.31           -79.20             5.21
       (O1, H2, O2)   -32.92    -0.12     0.04     0.03   -25.07       754.80       725.22        20.91       280.93            83.92          -839.67         -1037.61            67.98
   (H3, O2, H2, O1)    -9.24    -0.03     0.04     0.01    -6.54       231.63       222.55         6.41        83.92            28.60          -222.46          -353.55            18.03
   (H4, O2, H2, O1)    92.53     0.32     0.28    -0.11    65.09     -2318.90     -2227.69       -64.31      -839.67          -222.46          3016.15          2749.52          -244.27
   (O1, H2, O2, H4)   114.37     0.41    -0.55    -0.11    80.96     -2862.94     -2750.77       -79.20     -1037.61          -353.55          2749.52          4369.98          -222.83
   (O1, H2, O2, H3)    -7.48    -0.03    -0.02     0.01    -5.25       187.87       180.48         5.21        67.98            18.03          -244.27          -222.83            19.78

Kinetic energy distribution matrix (normalization check: 1.0)

Internal Coordinate (H1, O2) (O1, H2) (O2, H3) (O2, H4) (O2, H2) (H1, O2, H3) (H1, O2, H4) (H3, O2, H4) (O1, H2, O2) (H3, O2, H2, O1)  (H4, O2, H2, O1)  (O1, H2, O2, H4) (O1, H2, O2, H3)
           (H1, O2)     0.02     0.00    -0.00    -0.00     0.01        -0.02        -0.02        -0.00        -0.01            -0.00              0.01              0.04            -0.00
           (O1, H2)     0.00     0.00    -0.00    -0.00     0.00        -0.00        -0.00        -0.00         0.00            -0.00             -0.00              0.00             0.00
           (O2, H3)    -0.00    -0.00     0.00    -0.00    -0.00         0.00         0.00         0.00         0.00             0.00              0.00             -0.00            -0.00
           (O2, H4)    -0.00    -0.00    -0.00     0.00    -0.00         0.00         0.00         0.00         0.00             0.00             -0.00             -0.00             0.00
           (O2, H2)     0.01     0.00    -0.00    -0.00     0.30         0.03         0.03        -0.00         0.03            -0.01             -0.07              0.09             0.01
       (H1, O2, H3)    -0.02    -0.00     0.00     0.00     0.03         6.18         5.87         0.17         2.21             0.70             -6.89             -8.63             0.56
       (H1, O2, H4)    -0.02    -0.00     0.00     0.00     0.03         5.87         5.74         0.17         2.13             0.67             -6.70             -8.27             0.54
       (H3, O2, H4)    -0.00    -0.00     0.00     0.00    -0.00         0.17         0.17         0.00         0.06             0.02             -0.20             -0.24             0.02
       (O1, H2, O2)    -0.01     0.00     0.00     0.00     0.03         2.21         2.13         0.06         0.97             0.25             -2.57             -3.14             0.21
   (H3, O2, H2, O1)    -0.00    -0.00     0.00     0.00    -0.01         0.70         0.67         0.02         0.25   51020873574.64   630887325751.35  -630887325753.15  -51020873574.49
   (H4, O2, H2, O1)     0.01    -0.00     0.00    -0.00    -0.07        -6.89        -6.70        -0.20        -2.57  630887325751.35  7801097666692.89 -7801097666675.11 -630887325752.79
   (O1, H2, O2, H4)     0.04     0.00    -0.00    -0.00     0.09        -8.63        -8.27        -0.24        -3.14 -630887325753.15 -7801097666675.11  7801097666697.36  630887325751.35
   (O1, H2, O2, H3)    -0.00     0.00    -0.00     0.00     0.01         0.56         0.54         0.02         0.21  -51020873574.49  -630887325752.79   630887325751.35   51020873574.61

Total energy distribution matrix (normalization check: 1.0)

Internal Coordinate (H1, O2) (O1, H2) (O2, H3) (O2, H4) (O2, H2) (H1, O2, H3) (H1, O2, H4) (H3, O2, H4) (O1, H2, O2) (H3, O2, H2, O1)  (H4, O2, H2, O1)  (O1, H2, O2, H4) (O1, H2, O2, H3)
           (H1, O2)     2.27     0.01    -0.00    -0.00     1.98       -41.65       -40.02        -1.15       -16.46            -4.62             46.27             57.21            -3.74
           (O1, H2)     0.01     0.00    -0.00    -0.00     0.01        -0.15        -0.14        -0.00        -0.06            -0.02              0.16              0.21            -0.01
           (O2, H3)    -0.00    -0.00     0.00     0.00    -0.00         0.05         0.05         0.00         0.02             0.02              0.14             -0.27            -0.01
           (O2, H4)    -0.00    -0.00     0.00     0.00    -0.00         0.05         0.04         0.00         0.02             0.00             -0.06             -0.06             0.00
           (O2, H2)     1.98     0.01    -0.00    -0.00     2.21       -29.38       -28.23        -0.81       -12.52            -3.27             32.51             40.52            -2.62
       (H1, O2, H3)   -41.65    -0.15     0.05     0.05   -29.38      1045.21      1004.04        28.94       378.51           116.16          -1162.90          -1435.79            94.21
       (H1, O2, H4)   -40.02    -0.14     0.05     0.04   -28.23      1004.04       964.83        27.81       363.68           111.61          -1117.20          -1379.52            90.51
       (H3, O2, H4)    -1.15    -0.00     0.00     0.00    -0.81        28.94        27.81         0.80        10.49             3.21            -32.26            -39.72             2.61
       (O1, H2, O2)   -16.46    -0.06     0.02     0.02   -12.52       378.51       363.68        10.49       140.95            42.09           -421.12           -520.38            34.09
   (H3, O2, H2, O1)    -4.62    -0.02     0.02     0.00    -3.27       116.16       111.61         3.21        42.09   25510436801.62   315443662764.45  -315443663053.35  -25510436778.23
   (H4, O2, H2, O1)    46.27     0.16     0.14    -0.06    32.51     -1162.90     -1117.20       -32.26      -421.12  315443662764.45  3900548834854.52 -3900548831962.80 -315443662998.53
   (O1, H2, O2, H4)    57.21     0.21    -0.27    -0.06    40.52     -1435.79     -1379.52       -39.72      -520.38 -315443663053.35 -3900548831962.80  3900548835533.67  315443662764.26
   (O1, H2, O2, H3)    -3.74    -0.01    -0.01     0.00    -2.62        94.21        90.51         2.61        34.09  -25510436778.23  -315443662998.53   315443662764.26   25510436797.20

----- Extended Results: Exact PED, KED and TED analysis per mode -----

Normal mode at the following harmonic frequency: 181 cm-1

Potential energy distribution matrix (normalization check: 1.0)

Internal Coordinate (H1, O2) (O1, H2) (O2, H3) (O2, H4) (O2, H2) (H1, O2, H3) (H1, O2, H4) (H3, O2, H4) (O1, H2, O2) (H3, O2, H2, O1) (H4, O2, H2, O1) (O1, H2, O2, H4) (O1, H2, O2, H3)
           (H1, O2)    61.66    -0.07    -0.01    -0.01   -20.88      -271.59      -248.58       -19.83       -89.68            19.33           245.68           303.68            15.64
           (O1, H2)    -0.07     0.00     0.00     0.00     0.02         0.29         0.27         0.02         0.10            -0.02            -0.26            -0.33            -0.02
           (O2, H3)    -0.01     0.00     0.00     0.00     0.00         0.05         0.04         0.00         0.01            -0.01             0.10            -0.20             0.01
           (O2, H4)    -0.01     0.00     0.00     0.00     0.00         0.04         0.04         0.00         0.01            -0.00            -0.04            -0.04            -0.00
           (O2, H2)   -20.88     0.02     0.00     0.00     8.45        74.25        67.96         5.42        26.44            -5.29           -66.93           -83.25            -4.25
       (H1, O2, H3)  -271.59     0.29     0.05     0.04    74.25      1622.37      1484.72       118.46       490.74          -115.60         -1469.60         -1814.38           -93.76
       (H1, O2, H4)  -248.58     0.27     0.04     0.04    67.96      1484.72      1359.09       108.42       449.18          -105.81         -1344.94         -1660.73           -85.81
       (H3, O2, H4)   -19.83     0.02     0.00     0.00     5.42       118.46       108.42         8.66        35.85            -8.43          -107.47          -132.34            -6.86
       (O1, H2, O2)   -89.68     0.10     0.01     0.01    26.44       490.74       449.18        35.85       152.56           -34.98          -444.47          -549.25           -28.34
   (H3, O2, H2, O1)    19.33    -0.02    -0.01    -0.00    -5.29      -115.60      -105.81        -8.43       -34.98             9.15            90.39           143.66             5.77
   (H4, O2, H2, O1)   245.68    -0.26     0.10    -0.04   -66.93     -1469.60     -1344.94      -107.47      -444.47            90.39          1556.25          1418.68            99.25
   (O1, H2, O2, H4)   303.68    -0.33    -0.20    -0.04   -83.25     -1814.38     -1660.73      -132.34      -549.25           143.66          1418.68          2254.80            90.54
   (O1, H2, O2, H3)    15.64    -0.02     0.01    -0.00    -4.25       -93.76       -85.81        -6.86       -28.34             5.77            99.25            90.54             6.33

Kinetic energy distribution matrix (normalization check: 1.0)

Internal Coordinate (H1, O2) (O1, H2) (O2, H3) (O2, H4) (O2, H2) (H1, O2, H3) (H1, O2, H4) (H3, O2, H4) (O1, H2, O2) (H3, O2, H2, O1)  (H4, O2, H2, O1)  (O1, H2, O2, H4) (O1, H2, O2, H3)
           (H1, O2)     0.30    -0.00    -0.00    -0.00    -0.08        -0.08        -0.07        -0.01        -0.02             0.01              0.05              0.14             0.00
           (O1, H2)    -0.00     0.00     0.00     0.00     0.00         0.00         0.00         0.00        -0.00            -0.00              0.00             -0.00             0.00
           (O2, H3)    -0.00     0.00     0.00    -0.00     0.00         0.00         0.00         0.00         0.00            -0.00              0.00             -0.00             0.00
           (O2, H4)    -0.00     0.00    -0.00     0.00     0.00         0.00         0.00         0.00         0.00            -0.00             -0.00             -0.00            -0.00
           (O2, H2)    -0.08     0.00     0.00     0.00     0.73        -0.05        -0.04         0.00        -0.04            -0.01              0.09             -0.11             0.01
