 .__   __.   ______   .___  ___.   ______    _______   _______   ______   ______      .______   ____    ____ 
 |  \ |  |  /  __  \  |   \/   |  /  __  \  |       \ |   ____| /      | /  __  \     |   _  \  \   \  /   / 
 |   \|  | |  |  |  | |  \  /  | |  |  |  | |  .--.  ||  |__   |  ,----'|  |  |  |    |  |_)  |  \   \/   /  
 |  . `  | |  |  |  | |  |\/|  | |  |  |  | |  |  |  ||   __|  |  |     |  |  |  |    |   ___/    \_    _/   
 |  |\   | |  `--'  | |  |  |  | |  `--'  | |  '--'  ||  |____ |  `----.|  `--'  |  __|  |          |  |     
 |__| \__|  \______/  |__|  |__|  \______/  |_______/ |_______| \______| \______/  (__) _|          |__|     
                                                                                                             


**************************************************************************************************************
                                  Kemal Önen, Dennis F. Dinu, Klaus R. Liedl                                  
                                      Liedl Lab, University of Innsbruck                                      
**************************************************************************************************************

Non-planar system detected. Therefore out-of-plane angles are NOT used in your analysis. Note that out-of-plane angles tend to perform worse
than the other internal coordinates in terms of computational cost and in the decomposition. However they can be
useful for planar systems.

The detected point group is Cs
The following equivalent atoms were found: [['H1'], ['H3', 'H4'], ['O1'], ['O2'], ['H2']] 

The following primitive internals (bonds, (in-plane) angles, linear valence angles, out-of-plane angles and torsions) were generated:
bonds: [('H1', 'O1'), ('H1', 'O2'), ('O1', 'H2'), ('O2', 'H3'), ('O2', 'H4'), ('O2', 'H2')]
in-plane angles: [('H1', 'O1', 'H2'), ('H1', 'O2', 'H3'), ('H1', 'O2', 'H4'), ('O1', 'H1', 'O2'), ('H3', 'O2', 'H4'),
 ('O1', 'H2', 'O2')]
linear valence-angles: []
out-of-plane angles: []
dihedrals: [('O1', 'H2', 'O2', 'H1'), ('O2', 'H2', 'O1', 'H1'), ('H4', 'O2', 'H2', 'O1'), ('O1', 'H2', 'O2', 'H3'),
 ('H1', 'O2', 'H2', 'O1'), ('O1', 'H1', 'O2', 'H3'), ('H2', 'O1', 'H1', 'O2'), ('O1', 'H2', 'O2', 'H4'),
 ('O1', 'H1', 'O2', 'H4'), ('H1', 'O1', 'H2', 'O2'), ('H3', 'O2', 'H2', 'O1')]

12 internal coordinates are at least needed for the decomposition scheme.


Due to having a cyclic molecule, 1 bond(s) is/are removed in the analysis

The following updated Internal Coordinates are used in your analysis:
bonds: [('H1', 'O2'), ('O1', 'H2'), ('O2', 'H3'), ('O2', 'H4'), ('O2', 'H2')]
in-plane angles: [('H1', 'O2', 'H3'), ('H1', 'O2', 'H4'), ('H3', 'O2', 'H4'), ('O1', 'H2', 'O2')]
linear valence-angles: []
out-of-plane angles: []
dihedrals: [('H4', 'O2', 'H2', 'O1'), ('O1', 'H2', 'O2', 'H3'), ('O1', 'H2', 'O2', 'H4'), ('H3', 'O2', 'H2', 'O1')]


Due to having a cyclic molecule, 1 bond(s) is/are removed in the analysis

The following updated Internal Coordinates are used in your analysis:
bonds: [('O1', 'H2'), ('O2', 'H3'), ('O2', 'H4'), ('O2', 'H2'), ('H1', 'O1')]
in-plane angles: [('H1', 'O1', 'H2'), ('H3', 'O2', 'H4'), ('O1', 'H2', 'O2')]
linear valence-angles: []
out-of-plane angles: []
dihedrals: [('H4', 'O2', 'H2', 'O1'), ('O1', 'H2', 'O2', 'H3'), ('O1', 'H2', 'O2', 'H4'), ('H3', 'O2', 'H2', 'O1')]


Due to having a cyclic molecule, 1 bond(s) is/are removed in the analysis

The following updated Internal Coordinates are used in your analysis:
bonds: [('O2', 'H3'), ('O2', 'H4'), ('O2', 'H2'), ('H1', 'O1'), ('H1', 'O2')]
in-plane angles: [('H1', 'O2', 'H3'), ('H1', 'O2', 'H4'), ('O1', 'H1', 'O2'), ('H3', 'O2', 'H4')]
linear valence-angles: []
out-of-plane angles: []
dihedrals: [('O1', 'H1', 'O2', 'H3'), ('O1', 'H1', 'O2', 'H4')]


Due to having a cyclic molecule, 1 bond(s) is/are removed in the analysis

The following updated Internal Coordinates are used in your analysis:
bonds: [('O2', 'H3'), ('O2', 'H4'), ('O2', 'H2'), ('H1', 'O1'), ('H1', 'O2')]
in-plane angles: [('H1', 'O2', 'H3'), ('H1', 'O2', 'H4'), ('O1', 'H1', 'O2'), ('H3', 'O2', 'H4')]
linear valence-angles: []
out-of-plane angles: []
dihedrals: [('O1', 'H1', 'O2', 'H3'), ('O1', 'H1', 'O2', 'H4')]


Due to having a cyclic molecule, 1 bond(s) is/are removed in the analysis

The following updated Internal Coordinates are used in your analysis:
bonds: [('O2', 'H3'), ('O2', 'H4'), ('H1', 'O1'), ('H1', 'O2'), ('O1', 'H2')]
in-plane angles: [('H1', 'O1', 'H2'), ('H1', 'O2', 'H3'), ('H1', 'O2', 'H4'), ('O1', 'H1', 'O2'), ('H3', 'O2', 'H4')]
linear valence-angles: []
out-of-plane angles: []
dihedrals: [('O1', 'H1', 'O2', 'H3'), ('O1', 'H1', 'O2', 'H4')]


-------------------------------- Initialization of an internal coordinate set --------------------------------

The following 13 Internal Coordinates are used in your analysis:
bonds: [('H1', 'O2'), ('O1', 'H2'), ('O2', 'H3'), ('O2', 'H4'), ('O2', 'H2')]
in-plane angles: [('H1', 'O2', 'H3'), ('H1', 'O2', 'H4'), ('H3', 'O2', 'H4'), ('O1', 'H2', 'O2')]
linear valence-angles: []
out-of-plane angles: []
dihedrals: [('H4', 'O2', 'H2', 'O1'), ('O1', 'H2', 'O2', 'H3'), ('O1', 'H2', 'O2', 'H4'), ('H3', 'O2', 'H2', 'O1')]


-------------------------- Results of the Decomposition Scheme ---------------------------

1.) Intrinsic Frequencies for all normal-coordinate frequencies and
    vibrational distribution matrix (exact approximation) at the following
    harmonic frequencies (all frequency values in cm-1):

Internal Coordinate Intrinsic Frequencies    803     279   168   181   360   2131  1753  1777  4097  4138  4210  4230
           (H1, O2)               2694.57  -0.01   -0.05  0.01  0.25  0.26  -0.00  0.00  0.28  0.06  0.01  0.27  0.00
           (O1, H2)               4083.39   0.00    0.00  0.00  0.00 -0.00  -0.00  0.00  0.02  0.65  0.01  0.32  0.00
           (O2, H3)               4204.54  -0.00    0.00  0.00  0.00 -0.00   0.00  0.00 -0.00  0.01  0.50 -0.00  0.49
           (O2, H4)               4202.23   0.00   -0.00  0.00  0.00 -0.00  -0.00  0.00 -0.00  0.01  0.49 -0.00  0.51
           (O2, H2)                701.17  -0.00    0.01  0.42  0.43  0.02   0.00  0.01  0.03  0.14  0.00 -0.11 -0.00
       (H1, O2, H3)               3711.48  -3.29  -23.15  2.99  1.31 -0.57   0.85 -0.29  0.38  0.10  0.01  0.51 -0.00
       (H1, O2, H4)               3148.35   3.10   24.29  2.70  1.08 -0.52  -0.83 -0.29  0.35  0.07  0.00  0.40  0.00
       (H3, O2, H4)               6774.00   0.00    0.04  0.08  0.09 -0.07  -0.00  2.49 -1.16 -0.03  0.01  0.01  0.00
       (O1, H2, O2)                   nan  -0.01    0.12  0.91  0.29  0.53  -0.00 -0.01 -0.05  0.00 -0.00 -0.02  0.00
   (H4, O2, H2, O1)                   nan -61.39 -204.69 -6.90 -2.21 -0.10 -62.65 -0.51  0.63  0.03 -0.02 -0.05  0.01
   (O1, H2, O2, H3)                   nan  -0.63    1.33 -0.01 -0.01 -0.05  -0.19  0.04 -0.01 -0.00  0.00 -0.00  0.01
   (O1, H2, O2, H4)               2086.15   1.20   -1.22  0.22 -0.08  0.00   0.72  0.04 -0.01 -0.00 -0.00 -0.00 -0.01
   (H3, O2, H2, O1)              16354.21  61.99  204.53  0.56 -0.14  1.46  63.11 -0.47  0.69  0.02  0.00 -0.04 -0.01

Check if matrix is normalized: 1.0

2.) Intrinsic Frequencies for all normal-coordinate frequencies and
    diagonal elements of the PED matrix at the following
    harmonic frequencies (all frequency values in cm-1):

Internal Coordinate Intrinsic Frequencies       803      279      168     181     360     2131    1753  1777 4097 4138 4210  4230
           (H1, O2)               2694.57      0.00     0.01     4.37   61.82    9.59     0.00    0.01  0.69 0.02 0.00 0.10  0.00
           (O1, H2)               4083.39      0.00     0.00     0.00    0.00    0.00     0.00    0.00  0.01 1.00 0.02 0.20  0.00
           (O2, H3)               4204.54      0.00     0.00     0.00    0.00    0.00     0.00    0.01  0.00 0.02 0.50 0.00  0.50
           (O2, H4)               4202.23      0.00     0.00     0.00    0.00    0.00     0.00    0.01  0.00 0.02 0.49 0.00  0.51
           (O2, H2)                701.17      0.00     0.00     3.99    8.47    0.03     0.00    0.00  0.00 0.16 0.00 0.03  0.00
       (H1, O2, H3)               3711.48    348.75   832.27  2016.88 1626.59  576.26    13.90   51.41  4.72 0.07 0.00 0.32  0.07
       (H1, O2, H4)               3148.35    353.84   927.67  1861.73 1362.63  464.21    14.84   51.52  3.92 0.04 0.00 0.19  0.07
       (H3, O2, H4)               6774.00      0.00     0.00     1.55    8.68    5.17     0.00 1406.89 47.70 0.00 0.01 0.00  0.00
       (O1, H2, O2)                   nan      0.03     0.03   271.85  152.96  104.34     0.00    0.43  9.75 0.00 0.00 0.00  0.00
   (H4, O2, H2, O1)                   nan 127865.80 65340.56 12216.72 6530.96    8.92 78318.00  126.80 12.94 0.01 0.02 0.00 10.07
   (O1, H2, O2, H3)                   nan     55.33    28.13     0.03    0.01    0.76    33.96    0.05  0.01 0.00 0.00 0.00  0.00
   (O1, H2, O2, H4)               2086.15     56.09    28.66     5.36    2.86    0.00    34.35    0.06  0.01 0.00 0.00 0.00  0.00
   (H3, O2, H2, O1)              16354.21 127980.80 65058.81    80.16   26.57 1755.74 78549.75  108.28 15.22 0.00 0.00 0.00 10.11

3.) Intrinsic Frequencies for all normal-coordinate frequencies and
    contribution table calculated from the diagonal elements of the PED at the following
    harmonic frequencies (all frequency values in cm-1):

Internal Coordinate Intrinsic Frequencies   803   279   168   181   360  2131  1753  1777  4097  4138  4210  4230
           (H1, O2)               2694.57  0.00  0.00  0.03  0.63  0.33  0.00  0.00  0.72  1.77  0.41 12.06  0.00
           (O1, H2)               4083.39  0.00  0.00  0.00  0.00  0.00  0.00  0.00  0.01 75.04  2.31 23.65  0.00
           (O2, H3)               4204.54  0.00  0.00  0.00  0.00  0.00  0.00  0.00  0.00  1.21 47.20  0.10  2.33
           (O2, H4)               4202.23  0.00  0.00  0.00  0.00  0.00  0.00  0.00  0.00  1.17 45.73  0.08  2.39
           (O2, H2)                701.17  0.00  0.00  0.02  0.09  0.00  0.00  0.00  0.00 11.95  0.23  3.34  0.00
       (H1, O2, H3)               3711.48  0.14  0.63 12.25 16.63 19.70  0.01  2.95  4.97  4.91  0.35 37.52  0.34
       (H1, O2, H4)               3148.35  0.14  0.70 11.31 13.93 15.87  0.01  2.95  4.13  3.03  0.17 22.62  0.34
       (H3, O2, H4)               6774.00  0.00  0.00  0.01  0.09  0.18  0.00 80.60 50.23  0.34  1.21  0.02  0.00
       (O1, H2, O2)                   nan  0.00  0.00  1.65  1.56  3.57  0.00  0.02 10.27  0.00  0.04  0.06  0.00
   (H4, O2, H2, O1)                   nan 49.82 49.42 74.21 66.77  0.30 49.90  7.26 13.63  0.45  2.31  0.30 47.18
   (O1, H2, O2, H3)                   nan  0.02  0.02  0.00  0.00  0.03  0.02  0.00  0.01  0.00  0.00  0.00  0.02
   (O1, H2, O2, H4)               2086.15  0.02  0.02  0.03  0.03  0.00  0.02  0.00  0.01  0.00  0.00  0.00  0.02
   (H3, O2, H2, O1)              16354.21 49.86 49.21  0.49  0.27 60.02 50.04  6.20 16.03  0.13  0.04  0.24 47.38

----- Extended Results: Exact PED, KED and TED analysis per mode -----

Normal mode at the following harmonic frequency: 803 cm-1

Potential energy distribution matrix (normalization check: 1.0)

Internal Coordinate (H1, O2) (O1, H2) (O2, H3) (O2, H4) (O2, H2) (H1, O2, H3) (H1, O2, H4) (H3, O2, H4) (O1, H2, O2) (H4, O2, H2, O1) (O1, H2, O2, H3) (O1, H2, O2, H4) (H3, O2, H2, O1)
           (H1, O2)     0.00    -0.00    -0.00     0.00     0.00        -0.79         0.80         0.00        -0.01           -15.11             0.18            -0.18            15.10
           (O1, H2)    -0.00     0.00     0.00    -0.00    -0.00         0.00        -0.00        -0.00         0.00             0.01            -0.00             0.00            -0.01
           (O2, H3)    -0.00     0.00     0.00    -0.00    -0.00         0.01        -0.01        -0.00         0.00             0.11            -0.01             0.00            -0.11
           (O2, H4)     0.00    -0.00    -0.00     0.00     0.00        -0.01         0.01         0.00        -0.00            -0.10             0.01            -0.01             0.10
           (O2, H2)     0.00    -0.00    -0.00     0.00     0.00        -0.02         0.02         0.00        -0.00            -0.35             0.01            -0.01             0.35
       (H1, O2, H3)    -0.79     0.00     0.01    -0.01    -0.02       348.75      -351.24        -0.34         3.30          6676.09           -63.17            64.99         -6679.05
       (H1, O2, H4)     0.80    -0.00    -0.01     0.01     0.02      -351.24       353.84         0.34        -3.33         -6724.61            63.68           -65.79          6727.57
       (H3, O2, H4)     0.00    -0.00    -0.00     0.00     0.00        -0.34         0.34         0.00        -0.00            -6.55             0.06            -0.06             6.56
       (O1, H2, O2)    -0.01     0.00     0.00    -0.00    -0.00         3.30        -3.33        -0.00         0.03            63.22            -0.64             0.65           -63.23
   (H4, O2, H2, O1)   -15.11     0.01     0.11    -0.10    -0.35      6676.09     -6724.61        -6.55        63.22        127865.80         -1166.26          1203.79       -127922.94
   (O1, H2, O2, H3)     0.18    -0.00    -0.01     0.01     0.01       -63.17        63.68         0.06        -0.64         -1166.26            55.33           -55.23          1165.09
   (O1, H2, O2, H4)    -0.18     0.00     0.00    -0.01    -0.01        64.99       -65.79        -0.06         0.65          1203.79           -55.23            56.09         -1202.74
   (H3, O2, H2, O1)    15.10    -0.01    -0.11     0.10     0.35     -6679.05      6727.57         6.56       -63.23       -127922.94          1165.09         -1202.74        127980.80

Kinetic energy distribution matrix (normalization check: 1.24)

Internal Coordinate (H1, O2) (O1, H2) (O2, H3) (O2, H4) (O2, H2) (H1, O2, H3) (H1, O2, H4) (H3, O2, H4) (O1, H2, O2)     (H4, O2, H2, O1)     (O1, H2, O2, H3)     (O1, H2, O2, H4)     (H3, O2, H2, O1)
           (H1, O2)     0.00    -0.00    -0.00     0.00     0.00        -0.00         0.00         0.00        -0.00                -0.09                 0.02                -0.02                 0.09
           (O1, H2)    -0.00     0.00     0.00    -0.00    -0.00         0.00        -0.00        -0.00        -0.00                -0.00                -0.00                 0.00                 0.00
           (O2, H3)    -0.00     0.00     0.00     0.00    -0.00         0.00        -0.00        -0.00         0.00                 0.01                -0.00                 0.00                -0.01
           (O2, H4)     0.00    -0.00     0.00     0.00     0.00        -0.00         0.00         0.00        -0.00                -0.01                 0.00                -0.00                 0.01
           (O2, H2)     0.00    -0.00    -0.00     0.00     0.00         0.00        -0.00         0.00         0.00                 0.01                 0.01                -0.01                -0.01
       (H1, O2, H3)    -0.00     0.00     0.00    -0.00     0.00        24.52       -24.41        -0.02         0.23               478.68                -0.43                 0.76              -478.74
       (H1, O2, H4)     0.00    -0.00    -0.00     0.00    -0.00       -24.41        25.05         0.02        -0.23              -483.80                 0.38                -0.74               483.84
       (H3, O2, H4)     0.00    -0.00    -0.00     0.00     0.00        -0.02         0.02         0.00        -0.00                -0.48                 0.00                -0.00                 0.48
       (O1, H2, O2)    -0.00    -0.00     0.00    -0.00     0.00         0.23        -0.23        -0.00         0.00                 4.61                 0.01                -0.00                -4.62
   (H4, O2, H2, O1)    -0.09    -0.00     0.01    -0.01     0.01       478.68      -483.80        -0.48         4.61  1890421576620629.25  1891969836513842.25 -1890421576611036.25 -1891969836523430.00
   (O1, H2, O2, H3)     0.02    -0.00    -0.00     0.00     0.01        -0.43         0.38         0.00         0.01  1891969836513842.50  1893519364445313.75 -1891969836513861.25 -1893519364445295.50
   (O1, H2, O2, H4)    -0.02     0.00     0.00    -0.00    -0.01         0.76        -0.74        -0.00        -0.00 -1890421576611036.25 -1891969836513861.00  1890421576611062.00  1891969836513835.75
   (H3, O2, H2, O1)     0.09     0.00    -0.01     0.01    -0.01      -478.74       483.84         0.48        -4.62 -1891969836523429.75 -1893519364445295.50  1891969836513836.00  1893519364454884.50

Total energy distribution matrix (normalization check: 0.64)

Internal Coordinate (H1, O2) (O1, H2) (O2, H3) (O2, H4) (O2, H2) (H1, O2, H3) (H1, O2, H4) (H3, O2, H4) (O1, H2, O2)    (H4, O2, H2, O1)    (O1, H2, O2, H3)    (O1, H2, O2, H4)    (H3, O2, H2, O1)
           (H1, O2)     0.00    -0.00    -0.00     0.00     0.00        -0.40         0.40         0.00        -0.00               -7.60                0.10               -0.10                7.59
           (O1, H2)    -0.00     0.00     0.00    -0.00    -0.00         0.00        -0.00        -0.00         0.00                0.01               -0.00                0.00               -0.01
           (O2, H3)    -0.00     0.00     0.00    -0.00    -0.00         0.00        -0.00        -0.00         0.00                0.06               -0.00                0.00               -0.06
           (O2, H4)     0.00    -0.00    -0.00     0.00     0.00        -0.00         0.00         0.00        -0.00               -0.05                0.01               -0.01                0.05
           (O2, H2)     0.00    -0.00    -0.00     0.00     0.00        -0.01         0.01         0.00        -0.00               -0.17                0.01               -0.01                0.17
       (H1, O2, H3)    -0.40     0.00     0.00    -0.00    -0.01       186.63      -187.83        -0.18         1.77             3577.39              -31.80               32.88            -3578.90
       (H1, O2, H4)     0.40    -0.00    -0.00     0.00     0.01      -187.83       189.45         0.18        -1.78            -3604.21               32.03              -33.26             3605.71
       (H3, O2, H4)     0.00    -0.00    -0.00     0.00     0.00        -0.18         0.18         0.00        -0.00               -3.52                0.03               -0.03                3.52
       (O1, H2, O2)    -0.00     0.00     0.00    -0.00    -0.00         1.77        -1.78        -0.00         0.02               33.92               -0.32                0.32              -33.92
   (H4, O2, H2, O1)    -7.60     0.01     0.06    -0.05    -0.17      3577.39     -3604.21        -3.52        33.92  945210788374247.50  945984918256338.00 -945210788304916.25 -945984918325676.50
   (O1, H2, O2, H3)     0.10    -0.00    -0.00     0.01     0.01       -31.80        32.03         0.03        -0.32  945984918256338.12  946759682222684.50 -945984918256958.25 -946759682222065.25
   (O1, H2, O2, H4)    -0.10     0.00     0.00    -0.01    -0.01        32.88       -33.26        -0.03         0.32 -945210788304916.25 -945984918256958.12  945210788305559.00  945984918256316.50
   (H3, O2, H2, O1)     7.59    -0.01    -0.06     0.05     0.17     -3578.90      3605.71         3.52       -33.92 -945984918325676.38 -946759682222065.25  945984918256316.62  946759682291432.62

----- Extended Results: Exact PED, KED and TED analysis per mode -----

Normal mode at the following harmonic frequency: 279 cm-1

Potential energy distribution matrix (normalization check: 1.0)

Internal Coordinate (H1, O2) (O1, H2) (O2, H3) (O2, H4) (O2, H2) (H1, O2, H3) (H1, O2, H4) (H3, O2, H4) (O1, H2, O2) (H4, O2, H2, O1) (O1, H2, O2, H3) (O1, H2, O2, H4) (H3, O2, H2, O1)
           (H1, O2)     0.01    -0.00    -0.00     0.00    -0.00         2.36        -2.49        -0.00        -0.01            20.88            -0.25             0.25           -20.81
           (O1, H2)    -0.00     0.00     0.00    -0.00     0.00        -0.00         0.00         0.00         0.00            -0.02             0.00            -0.00             0.02
           (O2, H3)    -0.00     0.00     0.00    -0.00     0.00        -0.02         0.03         0.00         0.00            -0.21             0.01            -0.01             0.21
           (O2, H4)     0.00    -0.00    -0.00     0.00    -0.00         0.02        -0.02        -0.00        -0.00             0.16            -0.02             0.02            -0.16
           (O2, H2)    -0.00     0.00     0.00    -0.00     0.00        -0.55         0.58         0.00         0.00            -4.87             0.07            -0.07             4.84
       (H1, O2, H3)     2.36    -0.00    -0.02     0.02    -0.55       832.27      -878.56        -1.53        -4.68          7372.46           -69.58            71.77         -7356.50
       (H1, O2, H4)    -2.49     0.00     0.03    -0.02     0.58      -878.56       927.67         1.62         4.95         -7783.44            73.52           -76.15          7766.57
       (H3, O2, H4)    -0.00     0.00     0.00    -0.00     0.00        -1.53         1.62         0.00         0.01           -13.58             0.13            -0.13            13.55
       (O1, H2, O2)    -0.01     0.00     0.00    -0.00     0.00        -4.68         4.95         0.01         0.03           -41.50             0.42            -0.43            41.40
   (H4, O2, H2, O1)    20.88    -0.02    -0.21     0.16    -4.87      7372.46     -7783.44       -13.58       -41.50         65340.56          -594.42           615.15        -65199.36
   (O1, H2, O2, H3)    -0.25     0.00     0.01    -0.02     0.07       -69.58        73.52         0.13         0.42          -594.42            28.13           -28.15           592.27
   (O1, H2, O2, H4)     0.25    -0.00    -0.01     0.02    -0.07        71.77       -76.15        -0.13        -0.43           615.15           -28.15            28.66          -613.01
   (H3, O2, H2, O1)   -20.81     0.02     0.21    -0.16     4.84     -7356.50      7766.57        13.55        41.40        -65199.36           592.27          -613.01         65058.81

Kinetic energy distribution matrix (normalization check: 0.42)

Internal Coordinate (H1, O2) (O1, H2) (O2, H3) (O2, H4) (O2, H2) (H1, O2, H3) (H1, O2, H4) (H3, O2, H4) (O1, H2, O2)    (H4, O2, H2, O1)    (O1, H2, O2, H3)    (O1, H2, O2, H4)    (H3, O2, H2, O1)
           (H1, O2)     0.00    -0.00    -0.00     0.00    -0.00         0.00        -0.00        -0.00        -0.00                0.01               -0.00                0.00               -0.01
           (O1, H2)    -0.00     0.00     0.00    -0.00     0.00        -0.00         0.00         0.00        -0.00                0.00                0.00               -0.00               -0.00
           (O2, H3)    -0.00     0.00     0.00     0.00     0.00        -0.00         0.00         0.00         0.00               -0.00                0.00               -0.00                0.00
           (O2, H4)     0.00    -0.00     0.00     0.00    -0.00         0.00        -0.00        -0.00        -0.00                0.00               -0.00                0.00               -0.00
           (O2, H2)    -0.00     0.00     0.00    -0.00     0.00         0.00        -0.00         0.00        -0.00                0.01                0.01               -0.01               -0.01
       (H1, O2, H3)     0.00    -0.00    -0.00     0.00     0.00         7.07        -7.37        -0.01        -0.04               63.83               -0.06                0.10              -63.67
       (H1, O2, H4)    -0.00     0.00     0.00    -0.00    -0.00        -7.37         7.93         0.01         0.04              -67.62                0.05               -0.10               67.45
       (H3, O2, H4)    -0.00     0.00     0.00    -0.00     0.00        -0.01         0.01         0.00         0.00               -0.12                0.00               -0.00                0.12
       (O1, H2, O2)    -0.00    -0.00     0.00    -0.00    -0.00        -0.04         0.04         0.00         0.00               -0.37               -0.00                0.00                0.36
   (H4, O2, H2, O1)     0.01     0.00    -0.00     0.00     0.01        63.83       -67.62        -0.12        -0.37  116653300021462.69  116444503085903.25 -116653300020870.72 -116444503086493.33
   (O1, H2, O2, H3)    -0.00     0.00     0.00    -0.00     0.01        -0.06         0.05         0.00        -0.00  116444503085903.25  116236079875126.42 -116444503085904.39 -116236079875125.28
   (O1, H2, O2, H4)     0.00    -0.00    -0.00     0.00    -0.01         0.10        -0.10        -0.00         0.00 -116653300020870.72 -116444503085904.41  116653300020872.33  116444503085902.84
   (H3, O2, H2, O1)    -0.01    -0.00     0.00    -0.00    -0.01       -63.67        67.45         0.12         0.36 -116444503086493.34 -116236079875125.28  116444503085902.88  116236079875713.91

Total energy distribution matrix (normalization check: 0.71)

Internal Coordinate (H1, O2) (O1, H2) (O2, H3) (O2, H4) (O2, H2) (H1, O2, H3) (H1, O2, H4) (H3, O2, H4) (O1, H2, O2)   (H4, O2, H2, O1)   (O1, H2, O2, H3)   (O1, H2, O2, H4)   (H3, O2, H2, O1)
           (H1, O2)     0.00    -0.00    -0.00     0.00    -0.00         1.18        -1.25        -0.00        -0.01              10.45              -0.13               0.13             -10.41
           (O1, H2)    -0.00     0.00     0.00    -0.00     0.00        -0.00         0.00         0.00         0.00              -0.01               0.00              -0.00               0.01
           (O2, H3)    -0.00     0.00     0.00    -0.00     0.00        -0.01         0.01         0.00         0.00              -0.11               0.00              -0.00               0.11
           (O2, H4)     0.00    -0.00    -0.00     0.00    -0.00         0.01        -0.01        -0.00        -0.00               0.08              -0.01               0.01              -0.08
           (O2, H2)    -0.00     0.00     0.00    -0.00     0.00        -0.28         0.29         0.00         0.00              -2.43               0.04              -0.04               2.42
       (H1, O2, H3)     1.18    -0.00    -0.01     0.01    -0.28       419.67      -442.97        -0.77        -2.36            3718.15             -34.82              35.94           -3710.09
       (H1, O2, H4)    -1.25     0.00     0.01    -0.01     0.29      -442.97       467.80         0.82         2.49           -3925.53              36.78             -38.12            3917.01
       (H3, O2, H4)    -0.00     0.00     0.00    -0.00     0.00        -0.77         0.82         0.00         0.00              -6.85               0.06              -0.07               6.83
       (O1, H2, O2)    -0.01     0.00     0.00    -0.00     0.00        -2.36         2.49         0.00         0.01             -20.93               0.21              -0.21              20.88
   (H4, O2, H2, O1)    10.45    -0.01    -0.11     0.08    -2.43      3718.15     -3925.53        -6.85       -20.93  58326650043401.62  58222251542654.41 -58326650010127.78 -58222251575846.34
   (O1, H2, O2, H3)    -0.13     0.00     0.00    -0.01     0.04       -34.82        36.78         0.06         0.21  58222251542654.41  58118039937577.27 -58222251542966.27 -58118039937266.51
   (O1, H2, O2, H4)     0.13    -0.00    -0.00     0.01    -0.04        35.94       -38.12        -0.07        -0.21 -58326650010127.78 -58222251542966.28  58326650010450.49  58222251542644.92
   (H3, O2, H2, O1)   -10.41     0.01     0.11    -0.08     2.42     -3710.09      3917.01         6.83        20.88 -58222251575846.35 -58118039937266.51  58222251542644.94  58118039970386.36

----- Extended Results: Exact PED, KED and TED analysis per mode -----

Normal mode at the following harmonic frequency: 168 cm-1

Potential energy distribution matrix (normalization check: 1.0)

Internal Coordinate (H1, O2) (O1, H2) (O2, H3) (O2, H4) (O2, H2) (H1, O2, H3) (H1, O2, H4) (H3, O2, H4) (O1, H2, O2) (H4, O2, H2, O1) (O1, H2, O2, H3) (O1, H2, O2, H4) (H3, O2, H2, O1)
           (H1, O2)     4.37     0.02    -0.00    -0.00     3.82       -80.59       -77.43        -2.23       -31.86           197.95            -0.19             2.38           -16.01
           (O1, H2)     0.02     0.00    -0.00    -0.00     0.01        -0.29        -0.27        -0.01        -0.11             0.67            -0.00             0.03            -0.05
           (O2, H3)    -0.00    -0.00     0.00     0.00    -0.00         0.11         0.10         0.00         0.04            -0.25             0.00            -0.01             0.02
           (O2, H4)    -0.00    -0.00     0.00     0.00    -0.00         0.09         0.08         0.00         0.03            -0.20             0.00            -0.02             0.02
           (O2, H2)     3.82     0.01    -0.00    -0.00     3.99       -56.89       -54.66        -1.58       -24.26           139.48            -0.17             2.09           -11.27
       (H1, O2, H3)   -80.59    -0.29     0.11     0.09   -56.89      2016.88      1937.50        55.85       730.41         -4962.55             3.80           -48.31           401.97
       (H1, O2, H4)   -77.43    -0.27     0.10     0.08   -54.66      1937.50      1861.73        53.66       701.79         -4767.82             3.66           -46.64           386.20
       (H3, O2, H4)    -2.23    -0.01     0.00     0.00    -1.58        55.85        53.66         1.55        20.24          -137.46             0.10            -1.32            11.13
       (O1, H2, O2)   -31.86    -0.11     0.04     0.03   -24.26       730.41       701.79        20.24       271.85         -1797.55             1.47           -18.50           145.55
   (H4, O2, H2, O1)   197.95     0.67    -0.25    -0.20   139.48     -4962.55     -4767.82      -137.46     -1797.55         12216.72            -9.02           115.01          -989.57
   (O1, H2, O2, H3)    -0.19    -0.00     0.00     0.00    -0.17         3.80         3.66         0.10         1.47            -9.02             0.03            -0.43             0.73
   (O1, H2, O2, H4)     2.38     0.03    -0.01    -0.02     2.09       -48.31       -46.64        -1.32       -18.50           115.01            -0.43             5.36            -9.30
   (H3, O2, H2, O1)   -16.01    -0.05     0.02     0.02   -11.27       401.97       386.20        11.13       145.55          -989.57             0.73            -9.30            80.16

Kinetic energy distribution matrix (normalization check: 1.0)

Internal Coordinate (H1, O2) (O1, H2) (O2, H3) (O2, H4) (O2, H2) (H1, O2, H3) (H1, O2, H4) (H3, O2, H4) (O1, H2, O2)  (H4, O2, H2, O1) (O1, H2, O2, H3)  (O1, H2, O2, H4) (H3, O2, H2, O1)
           (H1, O2)     0.02     0.00    -0.00    -0.00     0.01        -0.02        -0.02        -0.00        -0.01              0.05            -0.00              0.01            -0.00
           (O1, H2)     0.00     0.00    -0.00    -0.00     0.00        -0.00        -0.00        -0.00         0.00             -0.00            -0.00              0.00             0.00
           (O2, H3)    -0.00    -0.00     0.00    -0.00    -0.00         0.00         0.00         0.00         0.00             -0.00             0.00             -0.00             0.00
           (O2, H4)    -0.00    -0.00    -0.00     0.00    -0.00         0.00         0.00         0.00         0.00             -0.00             0.00             -0.00             0.00
           (O2, H2)     0.01     0.00    -0.00    -0.00     0.30         0.03         0.03        -0.00         0.03             -0.12            -0.01              0.14             0.01
       (H1, O2, H3)    -0.02    -0.00     0.00     0.00     0.03         6.18         5.87         0.17         2.21            -15.50             0.00             -0.02             1.26
       (H1, O2, H4)    -0.02    -0.00     0.00     0.00     0.03         5.87         5.74         0.17         2.13            -14.94             0.00             -0.02             1.21
       (H3, O2, H4)    -0.00    -0.00     0.00     0.00    -0.00         0.17         0.17         0.00         0.06             -0.44             0.00             -0.00             0.04
       (O1, H2, O2)    -0.01     0.00     0.00     0.00     0.03         2.21         2.13         0.06         0.97             -5.72            -0.00              0.01             0.46
   (H4, O2, H2, O1)     0.05    -0.00    -0.00    -0.00    -0.12       -15.50       -14.94        -0.44        -5.72  7867723730043.89  637532708061.05 -7867723730003.97 -637532708064.28
   (O1, H2, O2, H3)    -0.00    -0.00     0.00     0.00    -0.01         0.00         0.00         0.00        -0.00   637532708061.05   51660171073.07  -637532708061.06  -51660171073.07
   (O1, H2, O2, H4)     0.01     0.00    -0.00    -0.00     0.14        -0.02        -0.02        -0.00         0.01 -7867723730003.97 -637532708061.06  7867723730004.08  637532708061.05
   (H3, O2, H2, O1)    -0.00     0.00     0.00     0.00     0.01         1.26         1.21         0.04         0.46  -637532708064.28  -51660171073.07   637532708061.05   51660171073.33

Total energy distribution matrix (normalization check: 1.0)

Internal Coordinate (H1, O2) (O1, H2) (O2, H3) (O2, H4) (O2, H2) (H1, O2, H3) (H1, O2, H4) (H3, O2, H4) (O1, H2, O2)  (H4, O2, H2, O1) (O1, H2, O2, H3)  (O1, H2, O2, H4) (H3, O2, H2, O1)
           (H1, O2)     2.19     0.01    -0.00    -0.00     1.92       -40.30       -38.72        -1.12       -15.93             99.00            -0.10              1.20            -8.01
           (O1, H2)     0.01     0.00    -0.00    -0.00     0.01        -0.14        -0.14        -0.00        -0.06              0.34            -0.00              0.02            -0.03
           (O2, H3)    -0.00    -0.00     0.00     0.00    -0.00         0.05         0.05         0.00         0.02             -0.13             0.00             -0.01             0.01
           (O2, H4)    -0.00    -0.00     0.00     0.00    -0.00         0.04         0.04         0.00         0.02             -0.10             0.00             -0.01             0.01
           (O2, H2)     1.92     0.01    -0.00    -0.00     2.14       -28.43       -27.32        -0.79       -12.11             69.68            -0.09              1.12            -5.63
       (H1, O2, H3)   -40.30    -0.14     0.05     0.04   -28.43      1011.53       971.68        28.01       366.31          -2489.02             1.90            -24.17           201.61
       (H1, O2, H4)   -38.72    -0.14     0.05     0.04   -27.32       971.68       933.74        26.91       351.96          -2391.38             1.83            -23.33           193.70
       (H3, O2, H4)    -1.12    -0.00     0.00     0.00    -0.79        28.01        26.91         0.78        10.15            -68.95             0.05             -0.66             5.58
       (O1, H2, O2)   -15.93    -0.06     0.02     0.02   -12.11       366.31       351.96        10.15       136.41           -901.63             0.73             -9.25            73.01
   (H4, O2, H2, O1)    99.00     0.34    -0.13    -0.10    69.68     -2489.02     -2391.38       -68.95      -901.63  3933861871130.30  318766354026.01 -3933861864944.48 -318766354526.92
   (O1, H2, O2, H3)    -0.10    -0.00     0.00     0.00    -0.09         1.90         1.83         0.05         0.73   318766354026.01   25830085536.55  -318766354030.74  -25830085536.17
   (O1, H2, O2, H4)     1.20     0.02    -0.01    -0.01     1.12       -24.17       -23.33        -0.66        -9.25 -3933861864944.48 -318766354030.74  3933861865004.72  318766354025.87
   (H3, O2, H2, O1)    -8.01    -0.03     0.01     0.01    -5.63       201.61       193.70         5.58        73.01  -318766354526.92  -25830085536.17   318766354025.87   25830085576.74

----- Extended Results: Exact PED, KED and TED analysis per mode -----

Normal mode at the following harmonic frequency: 181 cm-1

Potential energy distribution matrix (normalization check: 1.0)

Internal Coordinate (H1, O2) (O1, H2) (O2, H3) (O2, H4) (O2, H2) (H1, O2, H3) (H1, O2, H4) (H3, O2, H4) (O1, H2, O2) (H4, O2, H2, O1) (O1, H2, O2, H3) (O1, H2, O2, H4) (H3, O2, H2, O1)
           (H1, O2)    61.82    -0.07    -0.01    -0.01   -20.93      -272.30      -249.23       -19.88       -89.91           544.55             0.42             6.55            34.69
           (O1, H2)    -0.07     0.00     0.00     0.00     0.02         0.29         0.27         0.02         0.10            -0.57            -0.00            -0.03            -0.04
           (O2, H3)    -0.01     0.00     0.00     0.00     0.00         0.05         0.04         0.00         0.01            -0.09            -0.00            -0.00            -0.01
           (O2, H4)    -0.01     0.00     0.00     0.00     0.00         0.04         0.04         0.00         0.01            -0.08            -0.00            -0.01            -0.00
           (O2, H2)   -20.93     0.02     0.00     0.00     8.47        74.45        68.14         5.44        26.51          -148.60            -0.14            -2.23            -9.46
       (H1, O2, H3)  -272.30     0.29     0.05     0.04    74.45      1626.59      1488.58       118.77       492.02         -3258.48            -1.97           -31.72          -207.85
       (H1, O2, H4)  -249.23     0.27     0.04     0.04    68.14      1488.58      1362.63       108.70       450.35         -2982.36            -1.80           -29.18          -190.24
       (H3, O2, H4)   -19.88     0.02     0.00     0.00     5.44       118.77       108.70         8.68        35.94          -237.98            -0.14            -2.29           -15.18
       (O1, H2, O2)   -89.91     0.10     0.01     0.01    26.51       492.02       450.35        35.94       152.96          -985.84            -0.63           -10.15           -62.86
   (H4, O2, H2, O1)   544.55    -0.57    -0.09    -0.08  -148.60     -3258.48     -2982.36      -237.98      -985.84          6530.96             3.80            61.49           416.60
   (O1, H2, O2, H3)     0.42    -0.00    -0.00    -0.00    -0.14        -1.97        -1.80        -0.14        -0.63             3.80             0.01             0.18             0.24
   (O1, H2, O2, H4)     6.55    -0.03    -0.00    -0.01    -2.23       -31.72       -29.18        -2.29       -10.15            61.49             0.18             2.86             3.92
   (H3, O2, H2, O1)    34.69    -0.04    -0.01    -0.00    -9.46      -207.85      -190.24       -15.18       -62.86           416.60             0.24             3.92            26.57

Kinetic energy distribution matrix (normalization check: 1.0)

Internal Coordinate (H1, O2) (O1, H2) (O2, H3) (O2, H4) (O2, H2) (H1, O2, H3) (H1, O2, H4) (H3, O2, H4) (O1, H2, O2)  (H4, O2, H2, O1) (O1, H2, O2, H3)  (O1, H2, O2, H4) (H3, O2, H2, O1)
           (H1, O2)     0.30    -0.00    -0.00    -0.00    -0.08        -0.08        -0.07        -0.01        -0.02              0.16             0.00              0.03             0.01
           (O1, H2)    -0.00     0.00     0.00     0.00     0.00         0.00         0.00         0.00        -0.00              0.00            -0.00             -0.00             0.00
           (O2, H3)    -0.00     0.00     0.00    -0.00     0.00         0.00         0.00         0.00         0.00             -0.00            -0.00             -0.00            -0.00
           (O2, H4)    -0.00     0.00    -0.00     0.00     0.00         0.00         0.00         0.00         0.00             -0.00            -0.00             -0.00            -0.00
