 .__   __.   ______   .___  ___.   ______    _______   _______   ______   ______      .______   ____    ____ 
 |  \ |  |  /  __  \  |   \/   |  /  __  \  |       \ |   ____| /      | /  __  \     |   _  \  \   \  /   / 
 |   \|  | |  |  |  | |  \  /  | |  |  |  | |  .--.  ||  |__   |  ,----'|  |  |  |    |  |_)  |  \   \/   /  
 |  . `  | |  |  |  | |  |\/|  | |  |  |  | |  |  |  ||   __|  |  |     |  |  |  |    |   ___/    \_    _/   
 |  |\   | |  `--'  | |  |  |  | |  `--'  | |  '--'  ||  |____ |  `----.|  `--'  |  __|  |          |  |     
 |__| \__|  \______/  |__|  |__|  \______/  |_______/ |_______| \______| \______/  (__) _|          |__|     
                                                                                                             


**************************************************************************************************************
                                  Kemal Önen, Dennis F. Dinu, Klaus R. Liedl                                  
                                      Liedl Lab, University of Innsbruck                                      
**************************************************************************************************************

Non-planar system detected. Therefore out-of-plane angles are NOT used in your analysis. Note that out-of-plane angles tend to perform worse
than the other internal coordinates in terms of computational cost and in the decomposition. However they can be
useful for planar systems.

The detected point group is Cs
The following equivalent atoms were found: [['H1'], ['H3', 'H4'], ['O1'], ['O2'], ['H2']] 

The following primitive internals (bonds, (in-plane) angles, linear valence angles, out-of-plane angles and torsions) were generated:
bonds: [('H1', 'O1'), ('H1', 'O2'), ('O1', 'H2'), ('O2', 'H3'), ('O2', 'H4'), ('O2', 'H2')]
in-plane angles: [('H1', 'O1', 'H2'), ('H1', 'O2', 'H3'), ('H1', 'O2', 'H4'), ('O1', 'H1', 'O2'), ('H3', 'O2', 'H4'),
 ('O1', 'H2', 'O2')]
linear valence-angles: []
out-of-plane angles: []
dihedrals: [('H4', 'O2', 'H2', 'O1'), ('H3', 'O2', 'H2', 'O1'), ('O2', 'H2', 'O1', 'H1'), ('O1', 'H1', 'O2', 'H3'),
 ('H1', 'O1', 'H2', 'O2'), ('O1', 'H2', 'O2', 'H1'), ('O1', 'H1', 'O2', 'H4'), ('H2', 'O1', 'H1', 'O2'),
 ('O1', 'H2', 'O2', 'H3'), ('O1', 'H2', 'O2', 'H4'), ('H1', 'O2', 'H2', 'O1')]

12 internal coordinates are at least needed for the decomposition scheme.


Due to having a cyclic molecule, 1 bond(s) is/are removed in the analysis

The following updated Internal Coordinates are used in your analysis:
bonds: [('H1', 'O2'), ('O1', 'H2'), ('O2', 'H3'), ('O2', 'H4'), ('O2', 'H2')]
in-plane angles: [('H1', 'O2', 'H3'), ('H1', 'O2', 'H4'), ('H3', 'O2', 'H4'), ('O1', 'H2', 'O2')]
linear valence-angles: []
out-of-plane angles: []
dihedrals: [('H4', 'O2', 'H2', 'O1'), ('H3', 'O2', 'H2', 'O1'), ('O1', 'H2', 'O2', 'H3'), ('O1', 'H2', 'O2', 'H4')]


Due to having a cyclic molecule, 1 bond(s) is/are removed in the analysis

The following updated Internal Coordinates are used in your analysis:
bonds: [('O1', 'H2'), ('O2', 'H3'), ('O2', 'H4'), ('O2', 'H2'), ('H1', 'O1')]
in-plane angles: [('H1', 'O1', 'H2'), ('H3', 'O2', 'H4'), ('O1', 'H2', 'O2')]
linear valence-angles: []
out-of-plane angles: []
dihedrals: [('H4', 'O2', 'H2', 'O1'), ('H3', 'O2', 'H2', 'O1'), ('O1', 'H2', 'O2', 'H3'), ('O1', 'H2', 'O2', 'H4')]


Due to having a cyclic molecule, 1 bond(s) is/are removed in the analysis

The following updated Internal Coordinates are used in your analysis:
bonds: [('O2', 'H3'), ('O2', 'H4'), ('O2', 'H2'), ('H1', 'O1'), ('H1', 'O2')]
in-plane angles: [('H1', 'O2', 'H3'), ('H1', 'O2', 'H4'), ('O1', 'H1', 'O2'), ('H3', 'O2', 'H4')]
linear valence-angles: []
out-of-plane angles: []
dihedrals: [('O1', 'H1', 'O2', 'H3'), ('O1', 'H1', 'O2', 'H4')]


Due to having a cyclic molecule, 1 bond(s) is/are removed in the analysis

The following updated Internal Coordinates are used in your analysis:
bonds: [('O2', 'H3'), ('O2', 'H4'), ('O2', 'H2'), ('H1', 'O1'), ('H1', 'O2')]
in-plane angles: [('H1', 'O2', 'H3'), ('H1', 'O2', 'H4'), ('O1', 'H1', 'O2'), ('H3', 'O2', 'H4')]
linear valence-angles: []
out-of-plane angles: []
dihedrals: [('O1', 'H1', 'O2', 'H3'), ('O1', 'H1', 'O2', 'H4')]


Due to having a cyclic molecule, 1 bond(s) is/are removed in the analysis

The following updated Internal Coordinates are used in your analysis:
bonds: [('O2', 'H3'), ('O2', 'H4'), ('H1', 'O1'), ('H1', 'O2'), ('O1', 'H2')]
in-plane angles: [('H1', 'O1', 'H2'), ('H1', 'O2', 'H3'), ('H1', 'O2', 'H4'), ('O1', 'H1', 'O2'), ('H3', 'O2', 'H4')]
linear valence-angles: []
out-of-plane angles: []
dihedrals: [('O1', 'H1', 'O2', 'H3'), ('O1', 'H1', 'O2', 'H4')]


-------------------------------- Initialization of an internal coordinate set --------------------------------

The following 13 Internal Coordinates are used in your analysis:
bonds: [('H1', 'O2'), ('O1', 'H2'), ('O2', 'H3'), ('O2', 'H4'), ('O2', 'H2')]
in-plane angles: [('H1', 'O2', 'H3'), ('H1', 'O2', 'H4'), ('H3', 'O2', 'H4'), ('O1', 'H2', 'O2')]
linear valence-angles: []
out-of-plane angles: []
dihedrals: [('H4', 'O2', 'H2', 'O1'), ('H3', 'O2', 'H2', 'O1'), ('O1', 'H2', 'O2', 'H3'), ('O1', 'H2', 'O2', 'H4')]


-------------------------- Results of the Decomposition Scheme ---------------------------

1.) Intrinsic Frequencies for all normal-coordinate frequencies and
    vibrational distribution matrix (exact approximation) at the following
    harmonic frequencies (all frequency values in cm-1):

Internal Coordinate Intrinsic Frequencies    603     221   162   178   367   1416  1761  1765  4097  4137  4210  4228
           (H1, O2)               2694.23   0.02   -0.11  0.04  0.46  0.11   0.01  0.01  0.28  0.06  0.01  0.27 -0.00
           (O1, H2)               4083.23  -0.00    0.00  0.00  0.00 -0.00   0.00  0.00  0.02  0.65  0.01  0.32 -0.00
           (O2, H3)               4205.64  -0.00    0.00  0.00  0.00 -0.00   0.00  0.00 -0.00  0.01  0.50 -0.00  0.49
           (O2, H4)               4199.84  -0.00   -0.00 -0.00 -0.00 -0.00  -0.00 -0.00 -0.00  0.01  0.49 -0.00  0.51
           (O2, H2)                701.17   0.00    0.03  0.38  0.46  0.01  -0.00  0.01  0.03  0.14  0.00 -0.11  0.00
       (H1, O2, H3)               3733.31   5.19  -25.99 -1.18 -1.37 -0.38  -0.26 -0.23  0.39  0.10  0.01  0.51  0.00
       (H1, O2, H4)               3141.65  -5.27   27.56 -1.07 -1.22 -0.34   0.32 -0.23  0.35  0.07  0.00  0.40 -0.00
       (H3, O2, H4)               6704.87  -0.01    0.05 -0.04 -0.10 -0.05   0.00  2.18 -1.19 -0.03  0.01  0.01 -0.00
       (O1, H2, O2)                   nan   0.01    0.17 -0.20 -0.37  0.62  -0.00 -0.00 -0.06  0.00 -0.00 -0.02 -0.00
   (H4, O2, H2, O1)               9744.66  78.68  -99.95  1.93  2.85 -0.05  33.61 -0.50  0.43  0.03  0.05 -0.02 -1.27
   (H3, O2, H2, O1)                   nan -20.46  133.45 -0.11  0.01  0.39  13.54  0.12  0.23  0.00  0.01 -0.02 -1.27
   (O1, H2, O2, H3)                   nan -78.16   99.77 -0.16  0.18  0.69 -33.11 -0.46  0.46  0.01 -0.01 -0.02  1.27
   (O1, H2, O2, H4)               4890.17  21.01 -133.67  1.40  0.09 -0.03 -13.09  0.13  0.22  0.00 -0.07 -0.02  1.27

Check if matrix is normalized: 1.0

2.) Intrinsic Frequencies for all normal-coordinate frequencies and
    diagonal elements of the PED matrix at the following
    harmonic frequencies (all frequency values in cm-1):

Internal Coordinate Intrinsic Frequencies       603      221     162     178    367      1416    1761  1765 4097 4137 4210 4228
           (H1, O2)               2694.23      0.00     0.01    4.67   64.11   9.23      0.00    0.01  0.69 0.02 0.00 0.10 0.00
           (O1, H2)               4083.23      0.00     0.00    0.00    0.00   0.00      0.00    0.00  0.01 1.00 0.02 0.20 0.00
           (O2, H3)               4205.64      0.00     0.00    0.00    0.00   0.00      0.00    0.01  0.00 0.02 0.50 0.00 0.50
           (O2, H4)               4199.84      0.00     0.00    0.00    0.00   0.00      0.00    0.01  0.00 0.02 0.49 0.00 0.51
           (O2, H2)                701.17      0.00     0.00    4.27    8.79   0.03      0.00    0.00  0.00 0.16 0.00 0.03 0.00
       (H1, O2, H3)               3733.31    619.55  1327.45 2158.30 1686.70 554.20     31.50   50.97  4.78 0.07 0.00 0.32 0.07
       (H1, O2, H4)               3141.65    628.60  1479.60 1992.28 1412.98 446.44     33.62   51.08  3.97 0.04 0.00 0.19 0.07
       (H3, O2, H4)               6704.87      0.00     0.00    1.66    9.00   4.97      0.00 1394.84 48.31 0.00 0.01 0.00 0.00
       (O1, H2, O2)                   nan      0.06     0.04  290.92  158.61 100.35      0.00    0.42  9.87 0.00 0.00 0.00 0.00
   (H4, O2, H2, O1)               9744.66 128845.19 59113.00 7415.42 3841.36   4.86 100647.73   71.31  7.43 0.00 0.01 0.00 5.72
   (H3, O2, H2, O1)                   nan 131481.15 60008.27   49.61   15.94 976.49 102918.16   62.08  8.92 0.00 0.00 0.00 5.85
   (O1, H2, O2, H3)                   nan 128607.68 58696.82   48.52   15.59 955.15 100668.93   60.73  8.72 0.00 0.00 0.00 5.73
   (O1, H2, O2, H4)               4890.17 131670.42 60409.19 7578.02 3925.59   4.97 102854.66   72.87  7.60 0.00 0.01 0.00 5.84

3.) Intrinsic Frequencies for all normal-coordinate frequencies and
    contribution table calculated from the diagonal elements of the PED at the following
    harmonic frequencies (all frequency values in cm-1):

Internal Coordinate Intrinsic Frequencies   603   221   162   178   367  1416  1761  1765  4097  4137  4210  4228
           (H1, O2)               2694.23  0.00  0.00  0.02  0.58  0.30  0.00  0.00  0.69  1.77  0.41 12.05  0.00
           (O1, H2)               4083.23  0.00  0.00  0.00  0.00  0.00  0.00  0.00  0.01 74.98  2.30 23.63  0.00
           (O2, H3)               4205.64  0.00  0.00  0.00  0.00  0.00  0.00  0.00  0.00  1.21 47.04  0.10  2.05
           (O2, H4)               4199.84  0.00  0.00  0.00  0.00  0.00  0.00  0.00  0.00  1.17 45.57  0.08  2.10
           (O2, H2)                701.17  0.00  0.00  0.02  0.08  0.00  0.00  0.00  0.00 11.94  0.23  3.33  0.00
       (H1, O2, H3)               3733.31  0.12  0.55 11.04 15.14 18.13  0.01  2.89  4.77  4.90  0.35 37.49  0.30
       (H1, O2, H4)               3141.65  0.12  0.61 10.19 12.69 14.61  0.01  2.89  3.96  3.03  0.17 22.60  0.30
       (H3, O2, H4)               6704.87  0.00  0.00  0.01  0.08  0.16  0.00 79.06 48.16  0.34  1.20  0.02  0.00
       (O1, H2, O2)                   nan  0.00  0.00  1.49  1.42  3.28  0.00  0.02  9.84  0.00  0.04  0.06  0.00
   (H4, O2, H2, O1)               9744.66 24.69 24.52 37.94 34.49  0.16 24.72  4.04  7.41  0.25  1.31  0.17 23.53
   (H3, O2, H2, O1)                   nan 25.20 24.90  0.25  0.14 31.95 25.28  3.52  8.89  0.08  0.02  0.14 24.10
   (O1, H2, O2, H3)                   nan 24.64 24.35  0.25  0.14 31.25 24.72  3.44  8.70  0.07  0.02  0.14 23.57
   (O1, H2, O2, H4)               4890.17 25.23 25.06 38.77 35.24  0.16 25.26  4.13  7.57  0.26  1.33  0.18 24.05

----- Extended Results: Exact PED, KED and TED analysis per mode -----

Normal mode at the following harmonic frequency: 603 cm-1

Potential energy distribution matrix (normalization check: 1.0)

Internal Coordinate (H1, O2) (O1, H2) (O2, H3) (O2, H4) (O2, H2) (H1, O2, H3) (H1, O2, H4) (H3, O2, H4) (O1, H2, O2) (H4, O2, H2, O1) (H3, O2, H2, O1) (O1, H2, O2, H3) (O1, H2, O2, H4)
           (H1, O2)     0.00    -0.00    -0.00     0.00     0.00        -1.40         1.42         0.00        -0.01           -12.95            14.23            12.96           -14.23
           (O1, H2)    -0.00     0.00     0.00    -0.00    -0.00         0.00        -0.00        -0.00         0.00             0.01            -0.02            -0.01             0.02
           (O2, H3)    -0.00     0.00     0.00    -0.00    -0.00         0.01        -0.01        -0.00         0.00            -0.81            -1.02             0.81             1.02
           (O2, H4)     0.00    -0.00    -0.00     0.00     0.00        -0.01         0.01         0.00        -0.00            -0.12             0.07             0.12            -0.07
           (O2, H2)     0.00    -0.00    -0.00     0.00     0.00        -0.03         0.03         0.00        -0.00            -0.28             0.34             0.28            -0.34
       (H1, O2, H3)    -1.40     0.00     0.01    -0.01    -0.03       619.55      -623.98        -0.61         5.87          5920.02         -6060.42         -5915.78          6065.17
       (H1, O2, H4)     1.42    -0.00    -0.01     0.01     0.03      -623.98       628.60         0.61        -5.91         -5962.28          6105.16          5957.85         -6109.98
       (H3, O2, H4)     0.00    -0.00    -0.00     0.00     0.00        -0.61         0.61         0.00        -0.01            -5.83             5.93             5.83            -5.93
       (O1, H2, O2)    -0.01     0.00     0.00    -0.00    -0.00         5.87        -5.91        -0.01         0.06            55.54           -57.98           -55.51            58.01
   (H4, O2, H2, O1)   -12.95     0.01    -0.81    -0.12    -0.28      5920.02     -5962.28        -5.83        55.54        128845.19         14309.32       -128726.20        -14312.51
   (H3, O2, H2, O1)    14.23    -0.02    -1.02     0.07     0.34     -6060.42      6105.16         5.93       -57.98         14309.32        131481.15        -14273.13       -131575.59
   (O1, H2, O2, H3)    12.96    -0.01     0.81     0.12     0.28     -5915.78      5957.85         5.83       -55.51       -128726.20        -14273.13        128607.68         14276.56
   (O1, H2, O2, H4)   -14.23     0.02     1.02    -0.07    -0.34      6065.17     -6109.98        -5.93        58.01        -14312.51       -131575.59         14276.56        131670.42

Kinetic energy distribution matrix (normalization check: 1.63)

Internal Coordinate (H1, O2) (O1, H2) (O2, H3) (O2, H4) (O2, H2) (H1, O2, H3) (H1, O2, H4) (H3, O2, H4) (O1, H2, O2)    (H4, O2, H2, O1)    (H3, O2, H2, O1)    (O1, H2, O2, H3)    (O1, H2, O2, H4)
           (H1, O2)     0.00    -0.00    -0.00     0.00     0.00        -0.00         0.00         0.00        -0.00                0.05                0.15               -0.05               -0.15
           (O1, H2)    -0.00     0.00     0.00    -0.00    -0.00         0.00        -0.00        -0.00        -0.00               -0.00               -0.00                0.00                0.00
           (O2, H3)    -0.00     0.00     0.00     0.00    -0.00         0.00        -0.00        -0.00         0.00               -0.02               -0.03                0.02                0.03
           (O2, H4)     0.00    -0.00     0.00     0.00     0.00        -0.00         0.00         0.00        -0.00               -0.00                0.00                0.00               -0.00
           (O2, H2)     0.00    -0.00    -0.00     0.00     0.00         0.00        -0.00         0.00         0.00                0.05                0.05               -0.05               -0.05
       (H1, O2, H3)    -0.00     0.00     0.00    -0.00     0.00        24.52       -24.41        -0.02         0.23              257.67             -221.65             -257.52              221.77
       (H1, O2, H4)     0.00    -0.00    -0.00     0.00    -0.00       -24.41        25.05         0.02        -0.23             -264.23              220.17              264.05             -220.31
       (H3, O2, H4)     0.00    -0.00    -0.00     0.00     0.00        -0.02         0.02         0.00        -0.00               -0.26                0.22                0.26               -0.22
       (O1, H2, O2)    -0.00    -0.00     0.00    -0.00     0.00         0.23        -0.23        -0.00         0.00                2.58               -2.03               -2.58                2.03
   (H4, O2, H2, O1)     0.05    -0.00    -0.02    -0.00     0.05       257.67      -264.23        -0.26         2.58  937695574059098.12  936800735214465.38 -936800735219623.00 -937695574053935.62
   (H3, O2, H2, O1)     0.15    -0.00    -0.03     0.00     0.05      -221.65       220.17         0.22        -2.03  936800735214465.50  935906750320288.88 -935906750315836.25 -936800735218919.12
   (O1, H2, O2, H3)    -0.05     0.00     0.02     0.00    -0.05      -257.52       264.05         0.26        -2.58 -936800735219623.25 -935906750315836.38  935906750320990.88  936800735214464.12
   (O1, H2, O2, H4)    -0.15     0.00     0.03    -0.00    -0.05       221.77      -220.31        -0.22         2.03 -937695574053935.62 -936800735218918.88  936800735214464.00  937695574058392.12

Total energy distribution matrix (normalization check: 0.98)

Internal Coordinate (H1, O2) (O1, H2) (O2, H3) (O2, H4) (O2, H2) (H1, O2, H3) (H1, O2, H4) (H3, O2, H4) (O1, H2, O2)    (H4, O2, H2, O1)    (H3, O2, H2, O1)    (O1, H2, O2, H3)    (O1, H2, O2, H4)
           (H1, O2)     0.00    -0.00    -0.00     0.00     0.00        -0.70         0.71         0.00        -0.01               -6.45                7.19                6.45               -7.19
           (O1, H2)    -0.00     0.00     0.00    -0.00    -0.00         0.00        -0.00        -0.00         0.00                0.00               -0.01               -0.00                0.01
           (O2, H3)    -0.00     0.00     0.00    -0.00    -0.00         0.01        -0.01        -0.00         0.00               -0.41               -0.52                0.41                0.52
           (O2, H4)     0.00    -0.00    -0.00     0.00     0.00        -0.01         0.01         0.00        -0.00               -0.06                0.04                0.06               -0.04
           (O2, H2)     0.00    -0.00    -0.00     0.00     0.00        -0.02         0.02         0.00        -0.00               -0.12                0.20                0.12               -0.20
       (H1, O2, H3)    -0.70     0.00     0.01    -0.01    -0.02       322.04      -324.20        -0.32         3.05             3088.85            -3141.04            -3086.65             3143.47
       (H1, O2, H4)     0.71    -0.00    -0.01     0.01     0.02      -324.20       326.83         0.32        -3.07            -3113.26             3162.66             3110.95            -3165.14
       (H3, O2, H4)     0.00    -0.00    -0.00     0.00     0.00        -0.32         0.32         0.00        -0.00               -3.04                3.08                3.04               -3.08
       (O1, H2, O2)    -0.01     0.00     0.00    -0.00    -0.00         3.05        -3.07        -0.00         0.03               29.06              -30.00              -29.05               30.02
   (H4, O2, H2, O1)    -6.45     0.00    -0.41    -0.06    -0.12      3088.85     -3113.26        -3.04        29.06  468847787093971.69  468400367614387.38 -468400367674174.62 -468847787034124.06
   (H3, O2, H2, O1)     7.19    -0.01    -0.52     0.04     0.20     -3141.04      3162.66         3.08       -30.00  468400367614387.44  467953375225885.00 -467953375165054.69 -468400367675247.38
   (O1, H2, O2, H3)     6.45    -0.00     0.41     0.06     0.12     -3086.65      3110.95         3.04       -29.05 -468400367674174.75 -467953375165054.75  467953375224799.25  468400367614370.31
   (O1, H2, O2, H4)    -7.19     0.01     0.52    -0.04    -0.20      3143.47     -3165.14        -3.08        30.02 -468847787034124.06 -468400367675247.25  468400367614370.25  468847787095031.25

----- Extended Results: Exact PED, KED and TED analysis per mode -----

Normal mode at the following harmonic frequency: 221 cm-1

Potential energy distribution matrix (normalization check: 1.0)

Internal Coordinate (H1, O2) (O1, H2) (O2, H3) (O2, H4) (O2, H2) (H1, O2, H3) (H1, O2, H4) (H3, O2, H4) (O1, H2, O2) (H4, O2, H2, O1) (H3, O2, H2, O1) (O1, H2, O2, H3) (O1, H2, O2, H4)
           (H1, O2)     0.01    -0.00    -0.00     0.00    -0.00         3.77        -3.98        -0.01        -0.02            16.07           -17.61           -16.03            17.65
           (O1, H2)    -0.00     0.00     0.00    -0.00     0.00        -0.00         0.00         0.00         0.00            -0.01             0.03             0.01            -0.03
           (O2, H3)    -0.00     0.00     0.00    -0.00     0.00        -0.04         0.04         0.00         0.00             1.36             1.71            -1.36            -1.71
           (O2, H4)     0.00    -0.00    -0.00     0.00    -0.00         0.03        -0.03        -0.00        -0.00             0.18            -0.11            -0.18             0.11
           (O2, H2)    -0.00     0.00     0.00    -0.00     0.00        -0.88         0.93         0.00         0.01            -3.57             4.30             3.57            -4.30
       (H1, O2, H3)     3.77    -0.00    -0.04     0.03    -0.88      1327.45     -1401.28        -2.44        -7.47          5869.48         -5993.02         -5849.99          6013.39
       (H1, O2, H4)    -3.98     0.00     0.04    -0.03     0.93     -1401.28      1479.60         2.58         7.89         -6195.88          6327.82          6175.13         -6349.36
       (H3, O2, H4)    -0.01     0.00     0.00    -0.00     0.00        -2.44         2.58         0.00         0.01           -10.84            11.00            10.81           -11.04
       (O1, H2, O2)    -0.02     0.00     0.00    -0.00     0.01        -7.47         7.89         0.01         0.04           -32.73            34.08            32.63           -34.18
   (H4, O2, H2, O1)    16.07    -0.01     1.36     0.18    -3.57      5869.48     -6195.88       -10.84       -32.73         59113.00          6547.87        -58904.46         -6566.45
   (H3, O2, H2, O1)   -17.61     0.03     1.71    -0.11     4.30     -5993.02      6327.82        11.00        34.08          6547.87         60008.27         -6514.29        -60208.33
   (O1, H2, O2, H3)   -16.03     0.01    -1.36    -0.18     3.57     -5849.99      6175.13        10.81        32.63        -58904.46         -6514.29         58696.82          6532.88
   (O1, H2, O2, H4)    17.65    -0.03    -1.71     0.11    -4.30      6013.39     -6349.36       -11.04       -34.18         -6566.45        -60208.33          6532.88         60409.19

Kinetic energy distribution matrix (normalization check: 0.37)

Internal Coordinate (H1, O2) (O1, H2) (O2, H3) (O2, H4) (O2, H2) (H1, O2, H3) (H1, O2, H4) (H3, O2, H4) (O1, H2, O2)   (H4, O2, H2, O1)   (H3, O2, H2, O1)   (O1, H2, O2, H3)   (O1, H2, O2, H4)
           (H1, O2)     0.00    -0.00    -0.00     0.00    -0.00         0.00        -0.00        -0.00        -0.00              -0.01              -0.03               0.01               0.03
           (O1, H2)    -0.00     0.00     0.00    -0.00     0.00        -0.00         0.00         0.00        -0.00               0.00               0.00              -0.00              -0.00
           (O2, H3)    -0.00     0.00     0.00     0.00     0.00        -0.00         0.00         0.00         0.00               0.00               0.01              -0.00              -0.01
           (O2, H4)     0.00    -0.00     0.00     0.00    -0.00         0.00        -0.00        -0.00        -0.00               0.00              -0.00              -0.00               0.00
           (O2, H2)    -0.00     0.00     0.00    -0.00     0.00         0.00        -0.00         0.00        -0.00               0.08               0.08              -0.08              -0.08
       (H1, O2, H3)     0.00    -0.00    -0.00     0.00     0.00         7.07        -7.37        -0.01        -0.04              34.36             -29.48             -34.25              29.57
       (H1, O2, H4)    -0.00     0.00     0.00    -0.00    -0.00        -7.37         7.93         0.01         0.04             -36.93              30.69              36.81             -30.79
       (H3, O2, H4)    -0.00     0.00     0.00    -0.00     0.00        -0.01         0.01         0.00         0.00              -0.06               0.06               0.06              -0.06
       (O1, H2, O2)    -0.00    -0.00     0.00    -0.00    -0.00        -0.04         0.04         0.00         0.00              -0.20               0.16               0.20              -0.16
   (H4, O2, H2, O1)    -0.01     0.00     0.00     0.00     0.08        34.36       -36.93        -0.06        -0.20  57862904487714.24  57656995369206.63 -57656995369524.08 -57862904487395.69
   (H3, O2, H2, O1)    -0.03     0.00     0.01    -0.00     0.08       -29.48        30.69         0.06         0.16  57656995369206.64  57451818993024.57 -57451818992751.23 -57656995369480.75
   (O1, H2, O2, H3)     0.01    -0.00    -0.00    -0.00    -0.08       -34.25        36.81         0.06         0.20 -57656995369524.09 -57451818992751.24  57451818993067.66  57656995369206.56
   (O1, H2, O2, H4)     0.03    -0.00    -0.01     0.00    -0.08        29.57       -30.79        -0.06        -0.16 -57862904487395.69 -57656995369480.74  57656995369206.55  57862904487670.67

Total energy distribution matrix (normalization check: 0.69)

Internal Coordinate (H1, O2) (O1, H2) (O2, H3) (O2, H4) (O2, H2) (H1, O2, H3) (H1, O2, H4) (H3, O2, H4) (O1, H2, O2)   (H4, O2, H2, O1)   (H3, O2, H2, O1)   (O1, H2, O2, H3)   (O1, H2, O2, H4)
           (H1, O2)     0.01    -0.00    -0.00     0.00    -0.00         1.88        -1.99        -0.00        -0.01               8.03              -8.82              -8.01               8.84
           (O1, H2)    -0.00     0.00     0.00    -0.00     0.00        -0.00         0.00         0.00         0.00              -0.00               0.01               0.00              -0.01
           (O2, H3)    -0.00     0.00     0.00    -0.00     0.00        -0.02         0.02         0.00         0.00               0.68               0.86              -0.68              -0.86
           (O2, H4)     0.00    -0.00    -0.00     0.00    -0.00         0.02        -0.02        -0.00        -0.00               0.09              -0.05              -0.09               0.05
           (O2, H2)    -0.00     0.00     0.00    -0.00     0.00        -0.44         0.46         0.00         0.00              -1.74               2.19               1.74              -2.19
       (H1, O2, H3)     1.88    -0.00    -0.02     0.02    -0.44       667.26      -704.32        -1.23        -3.76            2951.92           -3011.25           -2942.12            3021.48
       (H1, O2, H4)    -1.99     0.00     0.02    -0.02     0.46      -704.32       743.76         1.30         3.96           -3116.41            3179.26            3105.97           -3190.08
       (H3, O2, H4)    -0.00     0.00     0.00    -0.00     0.00        -1.23         1.30         0.00         0.01              -5.45               5.53               5.44              -5.55
       (O1, H2, O2)    -0.01     0.00     0.00    -0.00     0.00        -3.76         3.96         0.01         0.02             -16.47              17.12              16.42             -17.17
   (H4, O2, H2, O1)     8.03    -0.00     0.68     0.09    -1.74      2951.92     -3116.41        -5.45       -16.47  28931452273413.62  28828497687877.25 -28828497714214.27 -28931452246981.07
   (H3, O2, H2, O1)    -8.82     0.01     0.86    -0.05     2.19     -3011.25      3179.26         5.53        17.12  28828497687877.26  28725909526516.42 -28725909499632.76 -28828497714844.54
   (O1, H2, O2, H3)    -8.01     0.00    -0.68    -0.09     1.74     -2942.12      3105.97         5.44        16.42 -28828497714214.27 -28725909499632.77  28725909525882.24  28828497687869.72
   (O1, H2, O2, H4)     8.84    -0.01    -0.86     0.05    -2.19      3021.48     -3190.08        -5.55       -17.17 -28931452246981.07 -28828497714844.54  28828497687869.71  28931452274039.93

----- Extended Results: Exact PED, KED and TED analysis per mode -----

Normal mode at the following harmonic frequency: 162 cm-1

Potential energy distribution matrix (normalization check: 1.0)

Internal Coordinate (H1, O2) (O1, H2) (O2, H3) (O2, H4) (O2, H2) (H1, O2, H3) (H1, O2, H4) (H3, O2, H4) (O1, H2, O2) (H4, O2, H2, O1) (H3, O2, H2, O1) (O1, H2, O2, H3) (O1, H2, O2, H4)
           (H1, O2)     4.67     0.02    -0.00    -0.00     4.09       -86.24       -82.86        -2.39       -34.09           102.18            -9.09            -8.28           112.25
           (O1, H2)     0.02     0.00    -0.00    -0.00     0.02        -0.31        -0.29        -0.01        -0.12             0.20            -0.05            -0.02             0.56
           (O2, H3)    -0.00    -0.00     0.00     0.00    -0.00         0.11         0.11         0.00         0.04             1.10             0.11            -0.09            -1.38
           (O2, H4)    -0.00    -0.00     0.00     0.00    -0.00         0.09         0.09         0.00         0.03            -0.15             0.01             0.01            -0.09
           (O2, H2)     4.09     0.02    -0.00    -0.00     4.27       -60.88       -58.49        -1.69       -25.96            68.67            -6.71            -5.57            82.79
       (H1, O2, H3)   -86.24    -0.31     0.11     0.09   -60.88      2158.30      2073.36        59.77       781.62         -2650.78           219.71           214.47         -2715.77
       (H1, O2, H4)   -82.86    -0.29     0.11     0.09   -58.49      2073.36      1992.28        57.42       750.99         -2546.44           211.11           206.02         -2609.51
       (H3, O2, H4)    -2.39    -0.01     0.00     0.00    -1.69        59.77        57.42         1.66        21.65           -73.66             6.07             5.96           -74.97
       (O1, H2, O2)   -34.09    -0.12     0.04     0.03   -25.96       781.62       750.99        21.65       290.92          -951.16            80.40            76.98          -993.44
   (H4, O2, H2, O1)   102.18     0.20     1.10    -0.15    68.67     -2650.78     -2546.44       -73.66      -951.16          7415.42            66.68          -599.84          -823.73
   (H3, O2, H2, O1)    -9.09    -0.05     0.11     0.01    -6.71       219.71       211.11         6.07        80.40            66.68            49.61            -5.38          -613.11
   (O1, H2, O2, H3)    -8.28    -0.02    -0.09     0.01    -5.57       214.47       206.02         5.96        76.98          -599.84            -5.38            48.52            66.53
   (O1, H2, O2, H4)   112.25     0.56    -1.38    -0.09    82.79     -2715.77     -2609.51       -74.97      -993.44          -823.73          -613.11            66.53          7578.02

Kinetic energy distribution matrix (normalization check: 1.0)

Internal Coordinate (H1, O2) (O1, H2) (O2, H3) (O2, H4) (O2, H2) (H1, O2, H3) (H1, O2, H4) (H3, O2, H4) (O1, H2, O2)  (H4, O2, H2, O1) (H3, O2, H2, O1) (O1, H2, O2, H3)  (O1, H2, O2, H4)
           (H1, O2)     0.02     0.00    -0.00    -0.00     0.01        -0.02        -0.02        -0.00        -0.01             -0.03            -0.01             0.00              0.09
           (O1, H2)     0.00     0.00    -0.00    -0.00     0.00        -0.00        -0.00        -0.00         0.00             -0.00            -0.00             0.00              0.00
           (O2, H3)    -0.00    -0.00     0.00    -0.00    -0.00         0.00         0.00         0.00         0.00              0.00             0.00            -0.00             -0.00
           (O2, H4)    -0.00    -0.00    -0.00     0.00    -0.00         0.00         0.00         0.00         0.00             -0.00             0.00             0.00             -0.00
           (O2, H2)     0.01     0.00    -0.00    -0.00     0.30         0.03         0.03        -0.00         0.03             -0.84            -0.07             0.07              0.85
       (H1, O2, H3)    -0.02    -0.00     0.00     0.00     0.03         6.18         5.87         0.17         2.21             -8.34             0.58             0.68             -7.18
       (H1, O2, H4)    -0.02    -0.00     0.00     0.00     0.03         5.87         5.74         0.17         2.13             -8.16             0.55             0.66             -6.80
       (H3, O2, H4)    -0.00    -0.00     0.00     0.00    -0.00         0.17         0.17         0.00         0.06             -0.24             0.02             0.02             -0.20
       (O1, H2, O2)    -0.01     0.00     0.00     0.00     0.03         2.21         2.13         0.06         0.97             -3.20             0.20             0.26             -2.51
   (H4, O2, H2, O1)    -0.03    -0.00     0.00    -0.00    -0.84        -8.34        -8.16        -0.24        -3.20  3902584381611.95  315671581073.06 -315671581074.80 -3902584381590.46
   (H3, O2, H2, O1)    -0.01    -0.00     0.00     0.00    -0.07         0.58         0.55         0.02         0.20   315671581073.06   25533989109.30  -25533989109.17  -315671581074.56
   (O1, H2, O2, H3)     0.00     0.00    -0.00     0.00     0.07         0.68         0.66         0.02         0.26  -315671581074.80  -25533989109.17   25533989109.31   315671581073.06
   (O1, H2, O2, H4)     0.09     0.00    -0.00    -0.00     0.85        -7.18        -6.80        -0.20        -2.51 -3902584381590.46 -315671581074.56  315671581073.06  3902584381609.01

Total energy distribution matrix (normalization check: 1.0)

Internal Coordinate (H1, O2) (O1, H2) (O2, H3) (O2, H4) (O2, H2) (H1, O2, H3) (H1, O2, H4) (H3, O2, H4) (O1, H2, O2)  (H4, O2, H2, O1) (H3, O2, H2, O1) (O1, H2, O2, H3)  (O1, H2, O2, H4)
           (H1, O2)     2.35     0.01    -0.00    -0.00     2.05       -43.13       -41.44        -1.19       -17.05             51.08            -4.55            -4.14             56.17
           (O1, H2)     0.01     0.00    -0.00    -0.00     0.01        -0.15        -0.15        -0.00        -0.06              0.10            -0.02            -0.01              0.28
           (O2, H3)    -0.00    -0.00     0.00     0.00    -0.00         0.06         0.05         0.00         0.02              0.55             0.06            -0.04             -0.69
           (O2, H4)    -0.00    -0.00     0.00     0.00    -0.00         0.05         0.04         0.00         0.02             -0.07             0.00             0.01             -0.04
           (O2, H2)     2.05     0.01    -0.00    -0.00     2.28       -30.42       -29.23        -0.84       -12.96             33.92            -3.39            -2.75             41.82
       (H1, O2, H3)   -43.13    -0.15     0.06     0.05   -30.42      1082.24      1039.61        29.97       391.92          -1329.56           110.15           107.57          -1361.48
       (H1, O2, H4)   -41.44    -0.15     0.05     0.04   -29.23      1039.61       999.01        28.79       376.56          -1277.30           105.83           103.34          -1308.16
       (H3, O2, H4)    -1.19    -0.00     0.00     0.00    -0.84        29.97        28.79         0.83        10.86            -36.95             3.04             2.99            -37.59
       (O1, H2, O2)   -17.05    -0.06     0.02     0.02   -12.96       391.92       376.56        10.86       145.94           -477.18            40.30            38.62           -497.98
   (H4, O2, H2, O1)    51.08     0.10     0.55    -0.07    33.92     -1329.56     -1277.30       -36.95      -477.18  1951292194513.68  157835790569.87 -157835790837.32 -1951292191207.09
   (H3, O2, H2, O1)    -4.55    -0.02     0.06     0.00    -3.39       110.15       105.83         3.04        40.30   157835790569.87   12766994579.45  -12766994557.28  -157835790843.84
   (O1, H2, O2, H3)    -4.14    -0.01    -0.04     0.01    -2.75       107.57       103.34         2.99        38.62  -157835790837.32  -12766994557.28   12766994578.92   157835790569.79
   (O1, H2, O2, H4)    56.17     0.28    -0.69    -0.04    41.82     -1361.48     -1308.16       -37.59      -497.98 -1951292191207.09 -157835790843.84  157835790569.79  1951292194593.51

----- Extended Results: Exact PED, KED and TED analysis per mode -----

Normal mode at the following harmonic frequency: 178 cm-1

Potential energy distribution matrix (normalization check: 1.0)

Internal Coordinate (H1, O2) (O1, H2) (O2, H3) (O2, H4) (O2, H2) (H1, O2, H3) (H1, O2, H4) (H3, O2, H4) (O1, H2, O2) (H4, O2, H2, O1) (H3, O2, H2, O1) (O1, H2, O2, H3) (O1, H2, O2, H4)
           (H1, O2)    64.11    -0.07    -0.01    -0.01   -21.71      -282.36      -258.44       -20.62       -93.23           272.40            19.09            17.37           299.22
           (O1, H2)    -0.07     0.00     0.00     0.00     0.03         0.31         0.28         0.02         0.10            -0.16            -0.03            -0.01            -0.45
           (O2, H3)    -0.01     0.00     0.00     0.00     0.00         0.05         0.05         0.00         0.02             0.39            -0.03             0.03            -0.49
           (O2, H4)    -0.01     0.00     0.00     0.00     0.00         0.04         0.04         0.00         0.01            -0.06            -0.00            -0.00            -0.03
           (O2, H2)   -21.71     0.03     0.00     0.00     8.79        77.20        70.66         5.64        27.49           -70.90            -5.46            -4.53           -85.47
       (H1, O2, H3)  -282.36     0.31     0.05     0.04    77.20      1686.70      1543.58       123.15       510.20         -1686.59          -110.09          -107.46         -1727.95
       (H1, O2, H4)  -258.44     0.28     0.05     0.04    70.66      1543.58      1412.98       112.72       466.99         -1543.48          -100.77           -98.34         -1581.71
       (H3, O2, H4)   -20.62     0.02     0.00     0.00     5.64       123.15       112.72         9.00        37.27          -123.58            -8.01            -7.87          -125.78
       (O1, H2, O2)   -93.23     0.10     0.02     0.01    27.49       510.20       466.99        37.27       158.61          -505.49           -33.65           -32.22          -527.96
   (H4, O2, H2, O1)   272.40    -0.16     0.39    -0.06   -70.90     -1686.59     -1543.48      -123.58      -505.49          3841.36           -27.20           244.70          -426.71
   (H3, O2, H2, O1)    19.09    -0.03    -0.03    -0.00    -5.46      -110.09      -100.77        -8.01       -33.65           -27.20            15.94            -1.73           250.12
   (O1, H2, O2, H3)    17.37    -0.01     0.03    -0.00    -4.53      -107.46       -98.34        -7.87       -32.22           244.70            -1.73            15.59           -27.14
   (O1, H2, O2, H4)   299.22    -0.45    -0.49    -0.03   -85.47     -1727.95     -1581.71      -125.78      -527.96          -426.71           250.12           -27.14          3925.59

Kinetic energy distribution matrix (normalization check: 1.0)

Internal Coordinate (H1, O2) (O1, H2) (O2, H3) (O2, H4) (O2, H2) (H1, O2, H3) (H1, O2, H4) (H3, O2, H4) (O1, H2, O2)  (H4, O2, H2, O1) (H3, O2, H2, O1) (O1, H2, O2, H3)  (O1, H2, O2, H4)
           (H1, O2)     0.30    -0.00    -0.00    -0.00    -0.08        -0.08        -0.07        -0.01        -0.02             -0.09             0.02            -0.01              0.28
           (O1, H2)    -0.00     0.00     0.00     0.00     0.00         0.00         0.00         0.00        -0.00              0.00            -0.00             0.00             -0.00
           (O2, H3)    -0.00     0.00     0.00    -0.00     0.00         0.00         0.00         0.00         0.00              0.00            -0.00             0.00             -0.00
           (O2, H4)    -0.00     0.00    -0.00     0.00     0.00         0.00         0.00         0.00         0.00             -0.00            -0.00            -0.00             -0.00
           (O2, H2)    -0.08     0.00     0.00     0.00     0.73        -0.05        -0.04         0.00        -0.04              1.04            -0.07             0.07             -1.06
