 .__   __.   ______   .___  ___.   ______    _______   _______   ______   ______      .______   ____    ____ 
 |  \ |  |  /  __  \  |   \/   |  /  __  \  |       \ |   ____| /      | /  __  \     |   _  \  \   \  /   / 
 |   \|  | |  |  |  | |  \  /  | |  |  |  | |  .--.  ||  |__   |  ,----'|  |  |  |    |  |_)  |  \   \/   /  
 |  . `  | |  |  |  | |  |\/|  | |  |  |  | |  |  |  ||   __|  |  |     |  |  |  |    |   ___/    \_    _/   
 |  |\   | |  `--'  | |  |  |  | |  `--'  | |  '--'  ||  |____ |  `----.|  `--'  |  __|  |          |  |     
 |__| \__|  \______/  |__|  |__|  \______/  |_______/ |_______| \______| \______/  (__) _|          |__|     
                                                                                                             


**************************************************************************************************************
                                  Kemal Önen, Dennis F. Dinu, Klaus R. Liedl                                  
                                      Liedl Lab, University of Innsbruck                                      
**************************************************************************************************************

Non-planar system detected. Therefore out-of-plane angles are NOT used in your analysis. Note that out-of-plane angles tend to perform worse
than the other internal coordinates in terms of computational cost and in the decomposition. However they can be
useful for planar systems.

The detected point group is Cs
The following equivalent atoms were found: [['H1'], ['H3', 'H4'], ['O1'], ['O2'], ['H2']] 

The following primitive internals (bonds, (in-plane) angles, linear valence angles, out-of-plane angles and torsions) were generated:
bonds: [('H1', 'O1'), ('H1', 'O2'), ('O1', 'H2'), ('O2', 'H3'), ('O2', 'H4')]
in-plane angles: [('H1', 'O1', 'H2'), ('H1', 'O2', 'H3'), ('H1', 'O2', 'H4'), ('O1', 'H1', 'O2'), ('H3', 'O2', 'H4')]
linear valence-angles: []
out-of-plane angles: []
dihedrals: [('O1', 'H1', 'O2', 'H3'), ('O1', 'H1', 'O2', 'H4'), ('H2', 'O1', 'H1', 'O2')]

12 internal coordinates are at least needed for the decomposition scheme.


-------------------------------- Initialization of an internal coordinate set --------------------------------

The following 12 Internal Coordinates are used in your analysis:
bonds: [('H1', 'O1'), ('H1', 'O2'), ('O1', 'H2'), ('O2', 'H3'), ('O2', 'H4')]
in-plane angles: [('H1', 'O1', 'H2'), ('H1', 'O2', 'H3'), ('H1', 'O2', 'H4'), ('O1', 'H1', 'O2'), ('H3', 'O2', 'H4')]
linear valence-angles: []
out-of-plane angles: []
dihedrals: [('O1', 'H1', 'O2', 'H3'), ('O1', 'H1', 'O2', 'H4')]


-------------------------- Results of the Decomposition Scheme ---------------------------

1.) Intrinsic Frequencies for all normal-coordinate frequencies and
    vibrational distribution matrix (exact approximation) at the following
    harmonic frequencies (all frequency values in cm-1):

Internal Coordinate Intrinsic Frequencies     64     94   162   179   363    603  1757  1776  4102  4136 4223  4226
           (H1, O1)                   nan   0.00   0.00 -0.00  0.00 -0.00   0.01 -0.00 -0.00  0.15  0.01 0.83  0.00
           (H1, O2)                   nan   0.05  -0.01 -0.25  1.10  0.01   0.10 -0.00 -0.01 -0.00 -0.00 0.00 -0.00
           (O1, H2)               4200.33  -0.00  -0.00 -0.00 -0.00 -0.00   0.00  0.00 -0.00  0.81  0.03 0.16  0.00
           (O2, H3)               4239.07   0.00  -0.00 -0.00  0.00  0.00  -0.00 -0.00  0.00  0.02  0.51 0.00  0.47
           (O2, H4)               4186.27  -0.00   0.00 -0.00  0.00  0.00   0.00 -0.00 -0.00  0.02  0.45 0.00  0.53
       (H1, O1, H2)               5346.64  -0.00   0.00 -0.01 -0.01 -0.02  -0.04  0.05  1.03 -0.00 -0.00 0.00  0.00
       (H1, O2, H3)               5380.47 -19.37 -14.16  0.92  0.69 -1.05  33.95 -0.01  0.04 -0.00  0.00 0.00 -0.00
       (H1, O2, H4)               5382.75  21.87  15.90  0.84  0.57 -0.89 -37.32 -0.01  0.04 -0.00  0.00 0.00  0.00
       (O1, H1, O2)                   nan   0.29   0.01  0.69 -0.47  0.08   0.48 -0.00 -0.08 -0.00  0.00 0.00 -0.00
       (H3, O2, H4)                   nan   0.04   0.01  0.01  0.03 -0.08   0.03  1.02 -0.06  0.00 -0.00 0.00  0.00
   (O1, H1, O2, H3)               7913.93  19.61 -31.75 -0.66 -0.42  1.62  10.21 -0.02  0.03 -0.00  0.00 0.00 -0.00
   (O1, H1, O2, H4)              10986.86 -21.57  31.19 -0.57 -0.50  1.39  -7.17 -0.02  0.03 -0.00  0.00 0.00  0.00

Check if matrix is normalized: 1.0

2.) Intrinsic Frequencies for all normal-coordinate frequencies and
    diagonal elements of the PED matrix at the following
    harmonic frequencies (all frequency values in cm-1):

Internal Coordinate Intrinsic Frequencies        64        94      162      179     363     603    1757   1776 4102 4136  4223 4226
           (H1, O1)                   nan      0.00      0.00     0.01     0.00    0.02    0.00    0.02   0.31 6.22 0.53 33.93 0.02
           (H1, O2)                   nan      1.84      0.08     5.72   100.39   12.38    0.01    0.01   1.01 0.03 0.01  0.15 0.00
           (O1, H2)               4200.33      0.00      0.00     0.00     0.00    0.00    0.00    0.00   0.01 0.86 0.03  0.17 0.00
           (O2, H3)               4239.07      0.00      0.00     0.00     0.00    0.00    0.00    0.01   0.00 0.02 0.53  0.00 0.49
           (O2, H4)               4186.27      0.00      0.00     0.00     0.00    0.00    0.00    0.01   0.00 0.02 0.45  0.00 0.53
       (H1, O1, H2)               5346.64      0.01      0.00     0.57     0.31    0.84    0.00    0.56  11.24 0.00 0.00  0.00 0.00
       (H1, O2, H3)               5380.47 249071.34  98464.94 12925.35 12736.50 4833.39 1157.00  348.46  43.13 0.53 0.04  2.67 0.57
       (H1, O2, H4)               5382.75 297230.85 119067.44 10934.33  8717.06 3181.14 1398.46  368.40  31.93 0.20 0.01  0.99 0.50
       (O1, H1, O2)                   nan     54.55      0.04  1192.82   638.29  412.86    0.23    1.19  27.47 0.06 0.01  0.83 0.00
       (H3, O2, H4)                   nan      1.15      0.04     3.27    32.65   22.12    0.00 5571.83 264.88 0.02 0.05  0.00 0.00
   (O1, H1, O2, H3)               7913.93 244036.75 495613.48 10007.69  6537.77 7049.01  104.75  345.67  26.37 0.39 0.01  1.71 0.53
   (O1, H1, O2, H4)              10986.86 304537.97 458519.63  7580.29  9244.31 5275.57   51.60  302.40  24.35 0.41 0.01  1.87 0.39

3.) Intrinsic Frequencies for all normal-coordinate frequencies and
    contribution table calculated from the diagonal elements of the PED at the following
    harmonic frequencies (all frequency values in cm-1):

Internal Coordinate Intrinsic Frequencies    64    94   162   179   363   603  1757  1776  4102  4136  4223  4226
           (H1, O1)                   nan  0.00  0.00  0.00  0.00  0.00  0.00  0.00  0.07 70.96 31.47 80.16  0.54
           (H1, O2)                   nan  0.00  0.00  0.01  0.26  0.06  0.00  0.00  0.23  0.38  0.42  0.35  0.00
           (O1, H2)               4200.33  0.00  0.00  0.00  0.00  0.00  0.00  0.00  0.00  9.77  1.73  0.40  0.00
           (O2, H3)               4239.07  0.00  0.00  0.00  0.00  0.00  0.00  0.00  0.00  0.25 31.83  0.00 16.16
           (O2, H4)               4186.27  0.00  0.00  0.00  0.00  0.00  0.00  0.00  0.00  0.22 27.25  0.00 17.51
       (H1, O1, H2)               5346.64  0.00  0.00  0.00  0.00  0.00  0.00  0.01  2.61  0.00  0.00  0.00  0.00
       (H1, O2, H3)               5380.47 22.75  8.40 30.31 33.51 23.25 42.66  5.02 10.01  6.07  2.59  6.31 18.79
       (H1, O2, H4)               5382.75 27.15 10.16 25.64 22.94 15.30 51.56  5.31  7.41  2.33  0.45  2.34 16.45
       (O1, H1, O2)                   nan  0.00  0.00  2.80  1.68  1.99  0.01  0.02  6.38  0.64  0.80  1.97  0.03
       (H3, O2, H4)                   nan  0.00  0.00  0.01  0.09  0.11  0.00 80.30 61.50  0.22  2.70  0.00  0.00
   (O1, H1, O2, H3)               7913.93 22.29 42.30 23.46 17.20 33.91  3.86  4.98  6.12  4.51  0.42  4.05 17.61
   (O1, H1, O2, H4)              10986.86 27.81 39.13 17.77 24.32 25.38  1.90  4.36  5.65  4.66  0.34  4.42 12.91

----- Extended Results: Exact PED, KED and TED analysis per mode -----

Normal mode at the following harmonic frequency: 64 cm-1

Potential energy distribution matrix (normalization check: 1.0)

Internal Coordinate (H1, O1) (H1, O2) (O1, H2) (O2, H3) (O2, H4) (H1, O1, H2) (H1, O2, H3) (H1, O2, H4) (O1, H1, O2) (H3, O2, H4) (O1, H1, O2, H3) (O1, H1, O2, H4)
           (H1, O1)     0.00     0.02    -0.00     0.00    -0.00        -0.00        -7.38         8.06         0.11         0.02             7.30            -8.16
           (H1, O2)     0.02     1.84    -0.00     0.01    -0.00        -0.10      -668.71       730.50         9.85         1.44           661.84          -739.34
           (O1, H2)    -0.00    -0.00     0.00    -0.00     0.00         0.00         0.01        -0.01        -0.00        -0.00            -0.01             0.01
           (O2, H3)     0.00     0.01    -0.00     0.00    -0.00        -0.00        -3.32         3.63         0.05         0.01             3.29            -3.67
           (O2, H4)    -0.00    -0.00     0.00    -0.00     0.00         0.00         0.88        -0.96        -0.01        -0.00            -0.87             0.97
       (H1, O1, H2)    -0.00    -0.10     0.00    -0.00     0.00         0.01        36.34       -39.69        -0.54        -0.08           -35.96            40.17
       (H1, O2, H3)    -7.38  -668.71     0.01    -3.32     0.88        36.34    249071.34   -272087.24     -3683.49      -535.90       -246538.59        275409.01
       (H1, O2, H4)     8.06   730.50    -0.01     3.63    -0.96       -39.69   -272087.24    297230.85      4023.83       585.42        269321.46       -300859.84
       (O1, H1, O2)     0.11     9.85    -0.00     0.05    -0.01        -0.54     -3683.49      4023.83        54.55         7.93          3645.84         -4072.79
       (H3, O2, H4)     0.02     1.44    -0.00     0.01    -0.00        -0.08      -535.90       585.42         7.93         1.15           530.46          -592.58
   (O1, H1, O2, H3)     7.30   661.84    -0.01     3.29    -0.87       -35.96   -246538.59    269321.46      3645.84       530.46        244036.75       -272613.93
   (O1, H1, O2, H4)    -8.16  -739.34     0.01    -3.67     0.97        40.17    275409.01   -300859.84     -4072.79      -592.58       -272613.93        304537.97

Kinetic energy distribution matrix (normalization check: 1.0)

Internal Coordinate (H1, O1) (H1, O2) (O1, H2) (O2, H3) (O2, H4) (H1, O1, H2) (H1, O2, H3) (H1, O2, H4) (O1, H1, O2) (H3, O2, H4) (O1, H1, O2, H3) (O1, H1, O2, H4)
           (H1, O1)     0.00     0.00    -0.00     0.00    -0.00        -0.00        -0.11         0.13         0.00         0.00             0.11            -0.13
           (H1, O2)     0.00     0.03    -0.00     0.00    -0.00        -0.00       -10.41        11.43         0.15         0.02            10.33           -11.52
           (O1, H2)    -0.00    -0.00     0.00    -0.00     0.00         0.00         0.00        -0.00        -0.00        -0.00            -0.00             0.00
           (O2, H3)     0.00     0.00    -0.00     0.00    -0.00        -0.00        -0.05         0.05         0.00         0.00             0.05            -0.05
           (O2, H4)    -0.00    -0.00     0.00    -0.00     0.00         0.00         0.02        -0.02        -0.00        -0.00            -0.02             0.02
       (H1, O1, H2)    -0.00    -0.00     0.00    -0.00     0.00         0.00         0.56        -0.62        -0.01        -0.00            -0.56             0.62
       (H1, O2, H3)    -0.11   -10.41     0.00    -0.05     0.02         0.56      3869.42     -4248.69       -57.28        -8.35         -3841.70          4285.01
       (H1, O2, H4)     0.13    11.43    -0.00     0.05    -0.02        -0.62     -4248.69      4665.77        62.90         9.16          4218.60         -4705.27
       (O1, H1, O2)     0.00     0.15    -0.00     0.00    -0.00        -0.01       -57.28        62.90         0.86         0.12            56.88           -63.45
       (H3, O2, H4)     0.00     0.02    -0.00     0.00    -0.00        -0.00        -8.35         9.16         0.12         0.02             8.29            -9.24
   (O1, H1, O2, H3)     0.11    10.33    -0.00     0.05    -0.02        -0.56     -3841.70      4218.60        56.88         8.29          3814.71         -4254.73
   (O1, H1, O2, H4)    -0.13   -11.52     0.00    -0.05     0.02         0.62      4285.01     -4705.27       -63.45        -9.24         -4254.73          4745.81

Total energy distribution matrix (normalization check: 1.0)

Internal Coordinate (H1, O1) (H1, O2) (O1, H2) (O2, H3) (O2, H4) (H1, O1, H2) (H1, O2, H3) (H1, O2, H4) (O1, H1, O2) (H3, O2, H4) (O1, H1, O2, H3) (O1, H1, O2, H4)
           (H1, O1)     0.00     0.01    -0.00     0.00    -0.00        -0.00        -3.75         4.09         0.06         0.01             3.71            -4.14
           (H1, O2)     0.01     0.94    -0.00     0.00    -0.00        -0.05      -339.56       370.96         5.00         0.73           336.08          -375.43
           (O1, H2)    -0.00    -0.00     0.00    -0.00     0.00         0.00         0.00        -0.00        -0.00        -0.00            -0.00             0.00
           (O2, H3)     0.00     0.00    -0.00     0.00    -0.00        -0.00        -1.69         1.84         0.02         0.00             1.67            -1.86
           (O2, H4)    -0.00    -0.00     0.00    -0.00     0.00         0.00         0.45        -0.49        -0.01        -0.00            -0.44             0.49
       (H1, O1, H2)    -0.00    -0.05     0.00    -0.00     0.00         0.00        18.45       -20.16        -0.27        -0.04           -18.26            20.40
       (H1, O2, H3)    -3.75  -339.56     0.00    -1.69     0.45        18.45    126470.38   -138167.96     -1870.39      -272.12       -125190.14        139847.01
       (H1, O2, H4)     4.09   370.96    -0.00     1.84    -0.49       -20.16   -138167.96    150948.31      2043.36       297.29        136770.03       -152782.56
       (O1, H1, O2)     0.06     5.00    -0.00     0.02    -0.01        -0.27     -1870.39      2043.36        27.70         4.02          1851.36         -2068.12
       (H3, O2, H4)     0.01     0.73    -0.00     0.00    -0.00        -0.04      -272.12       297.29         4.02         0.59           269.37          -300.91
   (O1, H1, O2, H3)     3.71   336.08    -0.00     1.67    -0.44       -18.26   -125190.14    136770.03      1851.36       269.37        123925.73       -138434.33
   (O1, H1, O2, H4)    -4.14  -375.43     0.00    -1.86     0.49        20.40    139847.01   -152782.56     -2068.12      -300.91       -138434.33        154641.89

----- Extended Results: Exact PED, KED and TED analysis per mode -----

Normal mode at the following harmonic frequency: 94 cm-1

Potential energy distribution matrix (normalization check: 1.0)

Internal Coordinate (H1, O1) (H1, O2) (O1, H2) (O2, H3) (O2, H4) (H1, O1, H2) (H1, O2, H3) (H1, O2, H4) (O1, H1, O2) (H3, O2, H4) (O1, H1, O2, H3) (O1, H1, O2, H4)
           (H1, O1)     0.00    -0.00    -0.00    -0.00     0.00         0.00        -3.19         3.51         0.00         0.00            -7.17             6.89
           (H1, O2)    -0.00     0.08     0.00     0.00    -0.00        -0.01        85.12       -93.61        -0.05        -0.05           190.95          -183.67
           (O1, H2)    -0.00     0.00     0.00     0.00    -0.00        -0.00         0.09        -0.10        -0.00        -0.00             0.20            -0.19
           (O2, H3)    -0.00     0.00     0.00     0.00    -0.00        -0.00         1.10        -1.20        -0.00        -0.00             2.46            -2.36
           (O2, H4)     0.00    -0.00    -0.00    -0.00     0.00         0.00        -0.24         0.26         0.00         0.00            -0.53             0.51
       (H1, O1, H2)     0.00    -0.01    -0.00    -0.00     0.00         0.00       -11.05        12.15         0.01         0.01           -24.78            23.84
       (H1, O2, H3)    -3.19    85.12     0.09     1.10    -0.24       -11.05     98464.94   -108277.11       -61.96       -59.16        220906.13       -212478.66
       (H1, O2, H4)     3.51   -93.61    -0.10    -1.20     0.26        12.15   -108277.11    119067.44        68.13        65.05       -242920.66        233653.36
       (O1, H1, O2)     0.00    -0.05    -0.00    -0.00     0.00         0.01       -61.96        68.13         0.04         0.04          -139.00           133.69
       (H3, O2, H4)     0.00    -0.05    -0.00    -0.00     0.00         0.01       -59.16        65.05         0.04         0.04          -132.72           127.66
   (O1, H1, O2, H3)    -7.17   190.95     0.20     2.46    -0.53       -24.78    220906.13   -242920.66      -139.00      -132.72        495613.48       -476705.58
   (O1, H1, O2, H4)     6.89  -183.67    -0.19    -2.36     0.51        23.84   -212478.66    233653.36       133.69       127.66       -476705.58        458519.63

Kinetic energy distribution matrix (normalization check: 1.0)

Internal Coordinate (H1, O1) (H1, O2) (O1, H2) (O2, H3) (O2, H4) (H1, O1, H2) (H1, O2, H3) (H1, O2, H4) (O1, H1, O2) (H3, O2, H4) (O1, H1, O2, H3) (O1, H1, O2, H4)
           (H1, O1)     0.00    -0.00    -0.00    -0.00     0.00         0.00        -0.11         0.12         0.00         0.00            -0.24             0.23
           (H1, O2)    -0.00     0.00     0.00     0.00    -0.00        -0.00         2.85        -3.15        -0.00        -0.00             6.42            -6.16
           (O1, H2)    -0.00     0.00     0.00     0.00    -0.00        -0.00         0.00        -0.00        -0.00        -0.00             0.01            -0.01
           (O2, H3)    -0.00     0.00     0.00     0.00    -0.00        -0.00         0.04        -0.04        -0.00        -0.00             0.08            -0.08
           (O2, H4)     0.00    -0.00    -0.00    -0.00     0.00         0.00        -0.01         0.01         0.00         0.00            -0.02             0.02
       (H1, O1, H2)     0.00    -0.00    -0.00    -0.00     0.00         0.00        -0.37         0.41         0.00         0.00            -0.83             0.80
       (H1, O2, H3)    -0.11     2.85     0.00     0.04    -0.01        -0.37      3294.35     -3641.25        -2.07        -1.98          7413.32         -7119.61
       (H1, O2, H4)     0.12    -3.15    -0.00    -0.04     0.01         0.41     -3641.25      4025.21         2.29         2.19         -8194.62          7869.72
       (O1, H1, O2)     0.00    -0.00    -0.00    -0.00     0.00         0.00        -2.07         2.29         0.00         0.00            -4.67             4.49
       (H3, O2, H4)     0.00    -0.00    -0.00    -0.00     0.00         0.00        -1.98         2.19         0.00         0.00            -4.47             4.29
   (O1, H1, O2, H3)    -0.24     6.42     0.01     0.08    -0.02        -0.83      7413.32     -8194.62        -4.67        -4.47         16684.63        -16022.88
   (O1, H1, O2, H4)     0.23    -6.16    -0.01    -0.08     0.02         0.80     -7119.61      7869.72         4.49         4.29        -16022.88         15388.39

Total energy distribution matrix (normalization check: 1.0)

Internal Coordinate (H1, O1) (H1, O2) (O1, H2) (O2, H3) (O2, H4) (H1, O1, H2) (H1, O2, H3) (H1, O2, H4) (O1, H1, O2) (H3, O2, H4) (O1, H1, O2, H3) (O1, H1, O2, H4)
           (H1, O1)     0.00    -0.00    -0.00    -0.00     0.00         0.00        -1.65         1.82         0.00         0.00            -3.70             3.56
           (H1, O2)    -0.00     0.04     0.00     0.00    -0.00        -0.00        43.99       -48.38        -0.03        -0.03            98.69           -94.92
           (O1, H2)    -0.00     0.00     0.00     0.00    -0.00        -0.00         0.05        -0.05        -0.00        -0.00             0.10            -0.10
           (O2, H3)    -0.00     0.00     0.00     0.00    -0.00        -0.00         0.57        -0.62        -0.00        -0.00             1.27            -1.22
           (O2, H4)     0.00    -0.00    -0.00    -0.00     0.00         0.00        -0.12         0.13         0.00         0.00            -0.27             0.26
       (H1, O1, H2)     0.00    -0.00    -0.00    -0.00     0.00         0.00        -5.71         6.28         0.00         0.00           -12.81            12.32
       (H1, O2, H3)    -1.65    43.99     0.05     0.57    -0.12        -5.71     50879.65    -55959.18       -32.02       -30.57        114159.73       -109799.13
       (H1, O2, H4)     1.82   -48.38    -0.05    -0.62     0.13         6.28    -55959.18     61546.33        35.21        33.62       -125557.64        120761.54
       (O1, H1, O2)     0.00    -0.03    -0.00    -0.00     0.00         0.00       -32.02        35.21         0.02         0.02           -71.83            69.09
       (H3, O2, H4)     0.00    -0.03    -0.00    -0.00     0.00         0.00       -30.57        33.62         0.02         0.02           -68.60            65.97
   (O1, H1, O2, H3)    -3.70    98.69     0.10     1.27    -0.27       -12.81    114159.73   -125557.64       -71.83       -68.60        256149.06       -246364.23
   (O1, H1, O2, H4)     3.56   -94.92    -0.10    -1.22     0.26        12.32   -109799.13    120761.54        69.09        65.97       -246364.23        236954.01

----- Extended Results: Exact PED, KED and TED analysis per mode -----

Normal mode at the following harmonic frequency: 162 cm-1

Potential energy distribution matrix (normalization check: 1.0)

Internal Coordinate (H1, O1) (H1, O2) (O1, H2) (O2, H3) (O2, H4) (H1, O1, H2) (H1, O2, H3) (H1, O2, H4) (O1, H1, O2) (H3, O2, H4) (O1, H1, O2, H3) (O1, H1, O2, H4)
           (H1, O1)     0.01     0.26    -0.00     0.00     0.00        -0.08       -12.31       -11.32         3.74        -0.20            10.83             9.43
           (H1, O2)     0.26     5.72    -0.01     0.01     0.00        -1.70      -268.77      -247.20        81.28        -4.27           236.47           205.80
           (O1, H2)    -0.00    -0.01     0.00    -0.00    -0.00         0.00         0.46         0.42        -0.14         0.01            -0.40            -0.35
           (O2, H3)     0.00     0.01    -0.00     0.00     0.00        -0.00        -0.41        -0.38         0.13        -0.01             0.36             0.32
           (O2, H4)     0.00     0.00    -0.00     0.00     0.00        -0.00        -0.08        -0.07         0.02        -0.00             0.07             0.06
       (H1, O1, H2)    -0.08    -1.70     0.00    -0.00    -0.00         0.57        81.59        75.04       -24.87         1.30           -71.77           -62.46
       (H1, O2, H3)   -12.31  -268.77     0.46    -0.41    -0.08        81.59     12925.35     11888.21     -3923.77       205.42        -11373.22         -9898.28
       (H1, O2, H4)   -11.32  -247.20     0.42    -0.38    -0.07        75.04     11888.21     10934.33     -3608.89       188.93        -10460.67         -9104.07
       (O1, H1, O2)     3.74    81.28    -0.14     0.13     0.02       -24.87     -3923.77     -3608.89      1192.82       -62.36          3452.40          3004.68
       (H3, O2, H4)    -0.20    -4.27     0.01    -0.01    -0.00         1.30       205.42       188.93       -62.36         3.27          -180.75          -157.31
   (O1, H1, O2, H3)    10.83   236.47    -0.40     0.36     0.07       -71.77    -11373.22    -10460.67      3452.40      -180.75         10007.69          8709.83
   (O1, H1, O2, H4)     9.43   205.80    -0.35     0.32     0.06       -62.46     -9898.28     -9104.07      3004.68      -157.31          8709.83          7580.29

Kinetic energy distribution matrix (normalization check: 1.0)

Internal Coordinate (H1, O1) (H1, O2) (O1, H2) (O2, H3) (O2, H4) (H1, O1, H2) (H1, O2, H3) (H1, O2, H4) (O1, H1, O2) (H3, O2, H4) (O1, H1, O2, H3) (O1, H1, O2, H4)
           (H1, O1)     0.00     0.03    -0.00     0.00     0.00        -0.01        -1.23        -1.14         0.37        -0.02             1.09             0.95
           (H1, O2)     0.03     0.68    -0.00     0.00     0.00        -0.17       -26.97       -24.93         7.88        -0.43            23.79            20.67
           (O1, H2)    -0.00    -0.00     0.00    -0.00    -0.00         0.00         0.05         0.04        -0.01         0.00            -0.04            -0.04
           (O2, H3)     0.00     0.00    -0.00     0.00     0.00        -0.00        -0.04        -0.04         0.01        -0.00             0.04             0.03
           (O2, H4)     0.00     0.00    -0.00     0.00     0.00        -0.00        -0.01        -0.01         0.00        -0.00             0.01             0.01
       (H1, O1, H2)    -0.01    -0.17     0.00    -0.00    -0.00         0.05         8.16         7.54        -2.49         0.13            -7.20            -6.26
       (H1, O2, H3)    -1.23   -26.97     0.05    -0.04    -0.01         8.16      1294.37      1196.62      -393.31        20.62         -1142.39          -992.72
       (H1, O2, H4)    -1.14   -24.93     0.04    -0.04    -0.01         7.54      1196.62      1106.41      -363.63        19.07         -1056.21          -917.80
       (O1, H1, O2)     0.37     7.88    -0.01     0.01     0.00        -2.49      -393.31      -363.63       120.74        -6.27           347.21           301.72
       (H3, O2, H4)    -0.02    -0.43     0.00    -0.00    -0.00         0.13        20.62        19.07        -6.27         0.33           -18.20           -15.82
   (O1, H1, O2, H3)     1.09    23.79    -0.04     0.04     0.01        -7.20     -1142.39     -1056.21       347.21       -18.20          1008.40           876.25
   (O1, H1, O2, H4)     0.95    20.67    -0.04     0.03     0.01        -6.26      -992.72      -917.80       301.72       -15.82           876.25           761.46

Total energy distribution matrix (normalization check: 1.0)

Internal Coordinate (H1, O1) (H1, O2) (O1, H2) (O2, H3) (O2, H4) (H1, O1, H2) (H1, O2, H3) (H1, O2, H4) (O1, H1, O2) (H3, O2, H4) (O1, H1, O2, H3) (O1, H1, O2, H4)
           (H1, O1)     0.01     0.14    -0.00     0.00     0.00        -0.04        -6.77        -6.23         2.06        -0.11             5.96             5.19
           (H1, O2)     0.14     3.20    -0.01     0.00     0.00        -0.94      -147.87      -136.07        44.58        -2.35           130.13           113.24
           (O1, H2)    -0.00    -0.01     0.00    -0.00    -0.00         0.00         0.25         0.23        -0.08         0.00            -0.22            -0.19
           (O2, H3)     0.00     0.00    -0.00     0.00     0.00        -0.00        -0.23        -0.21         0.07        -0.00             0.20             0.17
           (O2, H4)     0.00     0.00    -0.00     0.00     0.00        -0.00        -0.04        -0.04         0.01        -0.00             0.04             0.03
       (H1, O1, H2)    -0.04    -0.94     0.00    -0.00    -0.00         0.31        44.87        41.29       -13.68         0.71           -39.49           -34.36
       (H1, O2, H3)    -6.77  -147.87     0.25    -0.23    -0.04        44.87      7109.86      6542.42     -2158.54       113.02         -6257.81         -5445.50
       (H1, O2, H4)    -6.23  -136.07     0.23    -0.21    -0.04        41.29      6542.42      6020.37     -1986.26       104.00         -5758.44         -5010.94
       (O1, H1, O2)     2.06    44.58    -0.08     0.07     0.01       -13.68     -2158.54     -1986.26       656.78       -34.31          1899.81          1653.20
       (H3, O2, H4)    -0.11    -2.35     0.00    -0.00    -0.00         0.71       113.02       104.00       -34.31         1.80           -99.48           -86.56
   (O1, H1, O2, H3)     5.96   130.13    -0.22     0.20     0.04       -39.49     -6257.81     -5758.44      1899.81       -99.48          5508.05          4793.04
   (O1, H1, O2, H4)     5.19   113.24    -0.19     0.17     0.03       -34.36     -5445.50     -5010.94      1653.20       -86.56          4793.04          4170.88

----- Extended Results: Exact PED, KED and TED analysis per mode -----

Normal mode at the following harmonic frequency: 179 cm-1

Potential energy distribution matrix (normalization check: 1.0)

Internal Coordinate (H1, O1) (H1, O2) (O1, H2) (O2, H3) (O2, H4) (H1, O1, H2) (H1, O2, H3) (H1, O2, H4) (O1, H1, O2) (H3, O2, H4) (O1, H1, O2, H3) (O1, H1, O2, H4)
           (H1, O1)     0.00     0.28     0.00     0.00     0.00        -0.02        -3.20        -2.65         0.72        -0.16             2.29             2.73
           (H1, O2)     0.28   100.39     0.04     0.02     0.00        -5.28     -1117.63      -924.60       249.06       -56.58           800.63           952.05
           (O1, H2)     0.00     0.04     0.00     0.00     0.00        -0.00        -0.50        -0.42         0.11        -0.03             0.36             0.43
           (O2, H3)     0.00     0.02     0.00     0.00     0.00        -0.00        -0.21        -0.17         0.05        -0.01             0.15             0.18
           (O2, H4)     0.00     0.00     0.00     0.00     0.00        -0.00        -0.04        -0.04         0.01        -0.00             0.03             0.04
       (H1, O1, H2)    -0.02    -5.28    -0.00    -0.00    -0.00         0.31        60.06        49.68       -13.49         3.04           -43.02           -51.15
       (H1, O2, H3)    -3.20 -1117.63    -0.50    -0.21    -0.04        60.06     12736.50     10536.82     -2849.24       644.78         -9125.06        -10850.70
       (H1, O2, H4)    -2.65  -924.60    -0.42    -0.17    -0.04        49.68     10536.82      8717.06     -2357.13       533.42         -7549.12         -8976.74
       (O1, H1, O2)     0.72   249.06     0.11     0.05     0.01       -13.49     -2849.24     -2357.13       638.29      -144.23          2041.22          2427.25
       (H3, O2, H4)    -0.16   -56.58    -0.03    -0.01    -0.00         3.04       644.78       533.42      -144.23        32.65          -461.96          -549.32
   (O1, H1, O2, H3)     2.29   800.63     0.36     0.15     0.03       -43.02     -9125.06     -7549.12      2041.22      -461.96          6537.77          7774.13
   (O1, H1, O2, H4)     2.73   952.05     0.43     0.18     0.04       -51.15    -10850.70     -8976.74      2427.25      -549.32          7774.13          9244.31

Kinetic energy distribution matrix (normalization check: 1.0)

Internal Coordinate (H1, O1) (H1, O2) (O1, H2) (O2, H3) (O2, H4) (H1, O1, H2) (H1, O2, H3) (H1, O2, H4) (O1, H1, O2) (H3, O2, H4) (O1, H1, O2, H3) (O1, H1, O2, H4)
           (H1, O1)     0.00     0.03     0.00     0.00     0.00        -0.00        -0.39        -0.33         0.09        -0.02             0.28             0.33
           (H1, O2)     0.03    14.51     0.01     0.00     0.00        -0.64      -136.64      -113.62        29.42        -6.93            98.12           116.49
           (O1, H2)     0.00     0.01     0.00     0.00     0.00        -0.00        -0.06        -0.05         0.01        -0.00             0.04             0.05
           (O2, H3)     0.00     0.00     0.00     0.00     0.00        -0.00        -0.02        -0.02         0.01        -0.00             0.02             0.02
           (O2, H4)     0.00     0.00     0.00     0.00     0.00        -0.00        -0.01        -0.01         0.00        -0.00             0.00             0.01
       (H1, O1, H2)    -0.00    -0.64    -0.00    -0.00    -0.00         0.04         7.32         6.08        -1.65         0.37            -5.26            -6.24
       (H1, O2, H3)    -0.39  -136.64    -0.06    -0.02    -0.01         7.32      1554.02      1292.24      -347.98        78.86         -1116.76         -1325.92
       (H1, O2, H4)    -0.33  -113.62    -0.05    -0.02    -0.01         6.08      1292.24      1074.69      -289.38        65.58          -928.71         -1102.62
       (O1, H1, O2)     0.09    29.42     0.01     0.01     0.00        -1.65      -347.98      -289.38        78.72       -17.66           250.13           296.97
       (H3, O2, H4)    -0.02    -6.93    -0.00    -0.00    -0.00         0.37        78.86        65.58       -17.66         4.00           -56.68           -67.29
   (O1, H1, O2, H3)     0.28    98.12     0.04     0.02     0.00        -5.26     -1116.76      -928.71       250.13       -56.68           802.64           952.93
   (O1, H1, O2, H4)     0.33   116.49     0.05     0.02     0.01        -6.24     -1325.92     -1102.62       296.97       -67.29           952.93          1131.43

Total energy distribution matrix (normalization check: 1.0)

Internal Coordinate (H1, O1) (H1, O2) (O1, H2) (O2, H3) (O2, H4) (H1, O1, H2) (H1, O2, H3) (H1, O2, H4) (O1, H1, O2) (H3, O2, H4) (O1, H1, O2, H3) (O1, H1, O2, H4)
           (H1, O1)     0.00     0.16     0.00     0.00     0.00        -0.01        -1.80        -1.49         0.40        -0.09             1.29             1.53
           (H1, O2)     0.16    57.45     0.02     0.01     0.00        -2.96      -627.13      -519.11       139.24       -31.75           449.38           534.27
           (O1, H2)     0.00     0.02     0.00     0.00     0.00        -0.00        -0.28        -0.23         0.06        -0.01             0.20             0.24
           (O2, H3)     0.00     0.01     0.00     0.00     0.00        -0.00        -0.12        -0.10         0.03        -0.01             0.08             0.10
           (O2, H4)     0.00     0.00     0.00     0.00     0.00        -0.00        -0.03        -0.02         0.01        -0.00             0.02             0.02
       (H1, O1, H2)    -0.01    -2.96    -0.00    -0.00    -0.00         0.17        33.69        27.88        -7.57         1.71           -24.14           -28.70
       (H1, O2, H3)    -1.80  -627.13    -0.28    -0.12    -0.03        33.69      7145.26      5914.53     -1598.61       361.82         -5120.91         -6088.31
       (H1, O2, H4)    -1.49  -519.11    -0.23    -0.10    -0.02        27.88      5914.53      4895.88     -1323.25       299.50         -4238.92         -5039.68
       (O1, H1, O2)     0.40   139.24     0.06     0.03     0.01        -7.57     -1598.61     -1323.25       358.51       -80.95          1145.68          1362.11
       (H3, O2, H4)    -0.09   -31.75    -0.01    -0.01    -0.00         1.71       361.82       299.50       -80.95        18.32          -259.32          -308.31
   (O1, H1, O2, H3)     1.29   449.38     0.20     0.08     0.02       -24.14     -5120.91     -4238.92      1145.68      -259.32          3670.21          4363.53
   (O1, H1, O2, H4)     1.53   534.27     0.24     0.10     0.02       -28.70     -6088.31     -5039.68      1362.11      -308.31          4363.53          5187.87

----- Extended Results: Exact PED, KED and TED analysis per mode -----

Normal mode at the following harmonic frequency: 363 cm-1

Potential energy distribution matrix (normalization check: 1.0)

Internal Coordinate (H1, O1) (H1, O2) (O1, H2) (O2, H3) (O2, H4) (H1, O1, H2) (H1, O2, H3) (H1, O2, H4) (O1, H1, O2) (H3, O2, H4) (O1, H1, O2, H3) (O1, H1, O2, H4)
           (H1, O1)     0.02     0.46     0.00    -0.00    -0.00        -0.12         9.16         7.43         2.68         0.62           -11.07            -9.57
           (H1, O2)     0.46    12.38     0.01    -0.02    -0.00        -3.04       241.78       196.15        70.34        16.35          -291.95          -252.57
           (O1, H2)     0.00     0.01     0.00    -0.00    -0.00        -0.00         0.13         0.10         0.04         0.01            -0.15            -0.13
           (O2, H3)    -0.00    -0.02    -0.00     0.00     0.00         0.00        -0.32        -0.26        -0.09        -0.02             0.39             0.33
           (O2, H4)    -0.00    -0.00    -0.00     0.00     0.00         0.00        -0.06        -0.05        -0.02        -0.00             0.07             0.06
       (H1, O1, H2)    -0.12    -3.04    -0.00     0.00     0.00         0.84       -60.64       -49.19       -17.78        -4.10            73.21            63.33
       (H1, O2, H3)     9.16   241.78     0.13    -0.32    -0.06       -60.64      4833.39      3921.18      1411.63       326.93         -5836.94         -5049.59
       (H1, O2, H4)     7.43   196.15     0.10    -0.26    -0.05       -49.19      3921.18      3181.14      1145.20       265.23         -4735.35         -4096.59
       (O1, H1, O2)     2.68    70.34     0.04    -0.09    -0.02       -17.78      1411.63      1145.20       412.86        95.48         -1704.63         -1474.69
       (H3, O2, H4)     0.62    16.35     0.01    -0.02    -0.00        -4.10       326.93       265.23        95.48        22.12          -394.81          -341.56
   (O1, H1, O2, H3)   -11.07  -291.95    -0.15     0.39     0.07        73.21     -5836.94     -4735.35     -1704.63      -394.81          7049.01          6098.15
   (O1, H1, O2, H4)    -9.57  -252.57    -0.13     0.33     0.06        63.33     -5049.59     -4096.59     -1474.69      -341.56          6098.15          5275.57

Kinetic energy distribution matrix (normalization check: 1.0)

Internal Coordinate (H1, O1) (H1, O2) (O1, H2) (O2, H3) (O2, H4) (H1, O1, H2) (H1, O2, H3) (H1, O2, H4) (O1, H1, O2) (H3, O2, H4) (O1, H1, O2, H3) (O1, H1, O2, H4)
           (H1, O1)     0.01     0.23     0.00    -0.00    -0.00        -0.06         4.60         3.76         1.34         0.31            -5.58            -4.82
           (H1, O2)     0.23     7.36     0.00    -0.01    -0.00        -1.52       121.52        99.09        34.15         8.24          -147.09          -127.05
           (O1, H2)     0.00     0.00     0.00    -0.00    -0.00        -0.00         0.06         0.05         0.02         0.00            -0.08            -0.07
           (O2, H3)    -0.00    -0.01    -0.00     0.00     0.00         0.00        -0.15        -0.13        -0.04        -0.01             0.19             0.16
           (O2, H4)    -0.00    -0.00    -0.00     0.00     0.00         0.00        -0.04        -0.03        -0.01        -0.00             0.05             0.04
       (H1, O1, H2)    -0.06    -1.52    -0.00     0.00     0.00         0.39       -30.37       -24.77        -8.92        -2.06            36.79            31.78
       (H1, O2, H3)     4.60   121.52     0.06    -0.15    -0.04       -30.37      2424.37      1976.92       708.73       164.38         -2936.62         -2536.62
       (H1, O2, H4)     3.76    99.09     0.05    -0.13    -0.03       -24.77      1976.92      1612.27       577.96       134.05         -2394.83         -2068.56
       (O1, H1, O2)     1.34    34.15     0.02    -0.04    -0.01        -8.92       708.73       577.96       209.31        48.06          -858.69          -741.72
       (H3, O2, H4)     0.31     8.24     0.00    -0.01    -0.00        -2.06       164.38       134.05        48.06        11.15          -199.13          -172.01
   (O1, H1, O2, H3)    -5.58  -147.09    -0.08     0.19     0.05        36.79     -2936.62     -2394.83      -858.69      -199.13          3557.62          3072.89
   (O1, H1, O2, H4)    -4.82  -127.05    -0.07     0.16     0.04        31.78     -2536.62     -2068.56      -741.72      -172.01          3072.89          2654.38

Total energy distribution matrix (normalization check: 1.0)

Internal Coordinate (H1, O1) (H1, O2) (O1, H2) (O2, H3) (O2, H4) (H1, O1, H2) (H1, O2, H3) (H1, O2, H4) (O1, H1, O2) (H3, O2, H4) (O1, H1, O2, H3) (O1, H1, O2, H4)
           (H1, O1)     0.01     0.35     0.00    -0.00    -0.00        -0.09         6.88         5.59         2.01         0.47            -8.32            -7.20
