 .__   __.   ______   .___  ___.   ______    _______   _______   ______   ______      .______   ____    ____ 
 |  \ |  |  /  __  \  |   \/   |  /  __  \  |       \ |   ____| /      | /  __  \     |   _  \  \   \  /   / 
 |   \|  | |  |  |  | |  \  /  | |  |  |  | |  .--.  ||  |__   |  ,----'|  |  |  |    |  |_)  |  \   \/   /  
 |  . `  | |  |  |  | |  |\/|  | |  |  |  | |  |  |  ||   __|  |  |     |  |  |  |    |   ___/    \_    _/   
 |  |\   | |  `--'  | |  |  |  | |  `--'  | |  '--'  ||  |____ |  `----.|  `--'  |  __|  |          |  |     
 |__| \__|  \______/  |__|  |__|  \______/  |_______/ |_______| \______| \______/  (__) _|          |__|     
                                                                                                             


**************************************************************************************************************
                                  Kemal Önen, Dennis F. Dinu, Klaus R. Liedl                                  
                                      Liedl Lab, University of Innsbruck                                      
**************************************************************************************************************

Non-planar system detected. Therefore out-of-plane angles are NOT used in your analysis. Note that out-of-plane angles tend to perform worse
than the other internal coordinates in terms of computational cost and in the decomposition. However they can be
useful for planar systems.

The detected point group is Cs
The following equivalent atoms were found: [['H1'], ['H3', 'H4'], ['O1'], ['O2'], ['H2']] 

The following primitive internals (bonds, (in-plane) angles, linear valence angles, out-of-plane angles and torsions) were generated:
bonds: [('H1', 'O1'), ('H1', 'O2'), ('O1', 'H2'), ('O2', 'H3'), ('O2', 'H4'), ('O2', 'H2')]
in-plane angles: [('H1', 'O1', 'H2'), ('H1', 'O2', 'H3'), ('H1', 'O2', 'H4'), ('O1', 'H1', 'O2'), ('H3', 'O2', 'H4'),
 ('O1', 'H2', 'O2')]
linear valence-angles: []
out-of-plane angles: []
dihedrals: [('O2', 'H2', 'O1', 'H4'), ('H1', 'O1', 'H2', 'O2'), ('O2', 'H2', 'O1', 'H3'), ('O1', 'H2', 'O2', 'H4'),
 ('H4', 'O2', 'O1', 'H2'), ('O1', 'H2', 'O2', 'H3'), ('H3', 'O2', 'O1', 'H2'), ('H1', 'O1', 'O2', 'H2'),
 ('O1', 'H3', 'O2', 'H2'), ('O2', 'H3', 'O1', 'H2'), ('O1', 'H1', 'O2', 'H4'), ('O1', 'H1', 'O2', 'H3'),
 ('H1', 'O2', 'H2', 'O1'), ('O1', 'H1', 'O2', 'H2'), ('O2', 'H1', 'O1', 'H2'), ('O2', 'H4', 'O1', 'H2'),
 ('H2', 'O1', 'H1', 'O2'), ('O1', 'H4', 'O2', 'H2')]

12 internal coordinates are at least needed for the decomposition scheme.


Due to having a cyclic molecule, 1 bond(s) is/are removed in the analysis

The following updated Internal Coordinates are used in your analysis:
bonds: [('H1', 'O2'), ('O1', 'H2'), ('O2', 'H3'), ('O2', 'H4'), ('O2', 'H2')]
in-plane angles: [('H1', 'O2', 'H3'), ('H1', 'O2', 'H4'), ('H3', 'O2', 'H4'), ('O1', 'H2', 'O2')]
linear valence-angles: []
out-of-plane angles: []
dihedrals: [('O2', 'H2', 'O1', 'H4'), ('O2', 'H2', 'O1', 'H3'), ('O1', 'H2', 'O2', 'H4'), ('H4', 'O2', 'O1', 'H2'),
 ('O1', 'H2', 'O2', 'H3'), ('H3', 'O2', 'O1', 'H2'), ('O1', 'H3', 'O2', 'H2'), ('O2', 'H3', 'O1', 'H2'),
 ('O2', 'H4', 'O1', 'H2'), ('O1', 'H4', 'O2', 'H2')]


Due to having a cyclic molecule, 1 bond(s) is/are removed in the analysis

The following updated Internal Coordinates are used in your analysis:
bonds: [('O1', 'H2'), ('O2', 'H3'), ('O2', 'H4'), ('O2', 'H2'), ('H1', 'O1')]
in-plane angles: [('H1', 'O1', 'H2'), ('H3', 'O2', 'H4'), ('O1', 'H2', 'O2')]
linear valence-angles: []
out-of-plane angles: []
dihedrals: [('O2', 'H2', 'O1', 'H4'), ('O2', 'H2', 'O1', 'H3'), ('O1', 'H2', 'O2', 'H4'), ('H4', 'O2', 'O1', 'H2'),
 ('O1', 'H2', 'O2', 'H3'), ('H3', 'O2', 'O1', 'H2'), ('O1', 'H3', 'O2', 'H2'), ('O2', 'H3', 'O1', 'H2'),
 ('O2', 'H4', 'O1', 'H2'), ('O1', 'H4', 'O2', 'H2')]


Due to having a cyclic molecule, 1 bond(s) is/are removed in the analysis

The following updated Internal Coordinates are used in your analysis:
bonds: [('O2', 'H3'), ('O2', 'H4'), ('O2', 'H2'), ('H1', 'O1'), ('H1', 'O2')]
in-plane angles: [('H1', 'O2', 'H3'), ('H1', 'O2', 'H4'), ('O1', 'H1', 'O2'), ('H3', 'O2', 'H4')]
linear valence-angles: []
out-of-plane angles: []
dihedrals: [('O1', 'H1', 'O2', 'H4'), ('O1', 'H1', 'O2', 'H3')]


Due to having a cyclic molecule, 1 bond(s) is/are removed in the analysis

The following updated Internal Coordinates are used in your analysis:
bonds: [('O2', 'H3'), ('O2', 'H4'), ('O2', 'H2'), ('H1', 'O1'), ('H1', 'O2')]
in-plane angles: [('H1', 'O2', 'H3'), ('H1', 'O2', 'H4'), ('O1', 'H1', 'O2'), ('H3', 'O2', 'H4')]
linear valence-angles: []
out-of-plane angles: []
dihedrals: [('O1', 'H1', 'O2', 'H4'), ('O1', 'H1', 'O2', 'H3')]


Due to having a cyclic molecule, 1 bond(s) is/are removed in the analysis

The following updated Internal Coordinates are used in your analysis:
bonds: [('O2', 'H3'), ('O2', 'H4'), ('H1', 'O1'), ('H1', 'O2'), ('O1', 'H2')]
in-plane angles: [('H1', 'O1', 'H2'), ('H1', 'O2', 'H3'), ('H1', 'O2', 'H4'), ('O1', 'H1', 'O2'), ('H3', 'O2', 'H4')]
linear valence-angles: []
out-of-plane angles: []
dihedrals: [('O1', 'H1', 'O2', 'H4'), ('O1', 'H1', 'O2', 'H3')]


-------------------------------- Initialization of an internal coordinate set --------------------------------

The following 13 Internal Coordinates are used in your analysis:
bonds: [('H1', 'O2'), ('O1', 'H2'), ('O2', 'H3'), ('O2', 'H4'), ('O2', 'H2')]
in-plane angles: [('H1', 'O2', 'H3'), ('H1', 'O2', 'H4'), ('H3', 'O2', 'H4'), ('O1', 'H2', 'O2')]
linear valence-angles: []
out-of-plane angles: []
dihedrals: [('O2', 'H2', 'O1', 'H4'), ('O2', 'H2', 'O1', 'H3'), ('O1', 'H2', 'O2', 'H4'), ('O1', 'H2', 'O2', 'H3')]


-------------------------- Results of the Decomposition Scheme ---------------------------

1.) Intrinsic Frequencies for all normal-coordinate frequencies and
    vibrational distribution matrix (exact approximation) at the following
    harmonic frequencies (all frequency values in cm-1):

Internal Coordinate Intrinsic Frequencies    72   110   161   177   362   606  1756  1777  4099  4137  4218  4228
           (H1, O2)               2240.52  0.00  0.00  0.03  0.21  0.20  0.00  0.01  0.31  0.05  0.01  0.20  0.00
           (O1, H2)               4093.99 -0.00  0.00  0.00  0.00 -0.00  0.00  0.00  0.02  0.70  0.02  0.26  0.00
           (O2, H3)               4228.49 -0.00 -0.00 -0.00  0.00  0.00  0.00 -0.00  0.00  0.03  0.48  0.01  0.49
           (O2, H4)               4228.38 -0.00 -0.00 -0.00  0.00  0.00  0.00 -0.00  0.00  0.02  0.46  0.01  0.51
           (O2, H2)                760.54  0.00  0.00  0.40  0.52  0.02 -0.00  0.01  0.03  0.09  0.00 -0.07 -0.00
       (H1, O2, H3)               1159.07  0.25  0.13  0.14  0.09  0.05  0.09  0.04  0.05  0.01  0.00  0.05 -0.00
       (H1, O2, H4)               1058.11  0.24  0.18  0.13  0.07  0.04  0.10  0.04  0.04  0.01  0.00  0.04 -0.00
       (H3, O2, H4)                   nan -0.00  0.00  0.00  0.00 -0.01  0.00  0.78 -0.12 -0.00  0.00  0.00 -0.00
       (O1, H2, O2)                   nan  0.00 -0.00  0.08 -0.08 -0.25 -0.00  0.06  1.13 -0.00  0.00  0.03  0.00
   (O2, H2, O1, H4)               3152.88 -0.31  0.25  0.03  0.05  0.33  0.33 -0.05 -0.39  0.02  0.01  0.07 -0.00
   (O2, H2, O1, H3)               3051.27 -0.32  0.32  0.06  0.08  0.45  0.04 -0.05 -0.34  0.02  0.01  0.06  0.00
   (O1, H2, O2, H4)               1181.67  0.57 -0.22  0.14  0.05 -0.02  0.15  0.07  0.05  0.00 -0.00 -0.00 -0.00
   (O1, H2, O2, H3)               1147.16  0.26 -0.10 -0.01  0.00  0.25  0.35  0.07  0.06  0.00  0.00 -0.00  0.00

Check if matrix is normalized: 1.0

2.) Intrinsic Frequencies for all normal-coordinate frequencies and
    diagonal elements of the PED matrix at the following
    harmonic frequencies (all frequency values in cm-1):

Internal Coordinate Intrinsic Frequencies       72     110    161    177    362     606  1756  1777 4099 4137 4218 4228
           (H1, O2)               2240.52     0.20    0.04   3.11  42.30   6.22    0.00  0.00  0.45 0.02 0.00 0.07 0.00
           (O1, H2)               4093.99     0.00    0.00   0.00   0.00   0.00    0.00  0.00  0.01 0.91 0.02 0.18 0.00
           (O2, H3)               4228.49     0.00    0.00   0.00   0.00   0.00    0.00  0.01  0.00 0.02 0.51 0.00 0.51
           (O2, H4)               4228.38     0.00    0.00   0.00   0.00   0.00    0.00  0.01  0.00 0.02 0.50 0.00 0.53
           (O2, H2)                760.54     0.00    0.00   3.04   6.21   0.02    0.00  0.00  0.00 0.11 0.00 0.02 0.00
       (H1, O2, H3)               1159.07   437.10   53.21  21.73  16.86   5.66    1.71  0.51  0.05 0.00 0.00 0.00 0.00
       (H1, O2, H4)               1058.11   413.54   55.31  18.70  13.17   4.25    1.70  0.48  0.04 0.00 0.00 0.00 0.00
       (H3, O2, H4)                   nan     0.00    0.00   0.02   0.09   0.05    0.00 14.62  0.50 0.00 0.00 0.00 0.00
       (O1, H2, O2)                   nan     6.22    0.27 452.16 244.75 158.22    0.01  0.65 14.95 0.00 0.00 0.00 0.00
   (O2, H2, O1, H4)               3152.88 75540.26 6317.94  51.95  44.07  58.85 6413.34  1.37  5.04 0.00 0.01 0.01 0.08
   (O2, H2, O1, H3)               3051.27 73785.44 6426.23 204.16 103.29 108.77 6377.22  1.29  3.82 0.00 0.00 0.00 0.08
   (O1, H2, O2, H4)               1181.67 66564.92 1735.17  54.66  28.11   0.04 3997.08  0.52  0.05 0.00 0.00 0.00 0.04
   (O1, H2, O2, H3)               1147.16 66684.62 1729.24   0.36   0.11   7.17 4012.51  0.45  0.06 0.00 0.00 0.00 0.04

3.) Intrinsic Frequencies for all normal-coordinate frequencies and
    contribution table calculated from the diagonal elements of the PED at the following
    harmonic frequencies (all frequency values in cm-1):

Internal Coordinate Intrinsic Frequencies    72   110   161   177   362   606  1756  1777  4099  4137  4218  4228
           (H1, O2)               2240.52  0.00  0.00  0.38  8.48  1.78  0.00  0.02  1.80  1.43  0.27 23.26  0.00
           (O1, H2)               4093.99  0.00  0.00  0.00  0.00  0.00  0.00  0.00  0.02 84.54  2.14 63.86  0.00
           (O2, H3)               4228.49  0.00  0.00  0.00  0.00  0.00  0.00  0.04  0.00  1.52 48.81  0.30 39.76
           (O2, H4)               4228.38  0.00  0.00  0.00  0.00  0.00  0.00  0.04  0.00  1.49 47.53  0.26 40.87
           (O2, H2)                760.54  0.00  0.00  0.38  1.24  0.01  0.00  0.01  0.01 10.29  0.16  6.89  0.00
       (H1, O2, H3)               1159.07  0.15  0.33  2.68  3.38  1.62  0.01  2.56  0.19  0.06  0.00  1.10  0.06
       (H1, O2, H4)               1058.11  0.15  0.34  2.31  2.64  1.22  0.01  2.39  0.15  0.03  0.00  0.62  0.05
       (H3, O2, H4)                   nan  0.00  0.00  0.00  0.02  0.02  0.00 73.48  1.99  0.00  0.01  0.00  0.00
       (O1, H2, O2)                   nan  0.00  0.00 55.83 49.05 45.30  0.00  3.28 59.87  0.00  0.06  0.29  0.00
   (O2, H2, O1, H4)               3152.88 26.65 38.72  6.41  8.83 16.85 30.83  6.87 20.20  0.34  0.61  1.91  6.55
   (O2, H2, O1, H3)               3051.27 26.03 39.38 25.21 20.70 31.14 30.65  6.47 15.31  0.29  0.39  1.51  6.24
   (O1, H2, O2, H4)               1181.67 23.49 10.63  6.75  5.63  0.01 19.21  2.62  0.21  0.00  0.01  0.00  3.23
   (O1, H2, O2, H3)               1147.16 23.53 10.60  0.04  0.02  2.05 19.29  2.24  0.25  0.00  0.00  0.00  3.24

----- Extended Results: Exact PED, KED and TED analysis per mode -----

Normal mode at the following harmonic frequency: 72 cm-1

Potential energy distribution matrix (normalization check: 1.0)

Internal Coordinate (H1, O2) (O1, H2) (O2, H3) (O2, H4) (O2, H2) (H1, O2, H3) (H1, O2, H4) (H3, O2, H4) (O1, H2, O2) (O2, H2, O1, H4) (O2, H2, O1, H3) (O1, H2, O2, H4) (O1, H2, O2, H3)
           (H1, O2)     0.20    -0.00     0.00    -0.00     0.01        -7.07         6.87         0.01         0.78           -95.71            94.59           -86.17            86.25
           (O1, H2)    -0.00     0.00    -0.00     0.00    -0.00         0.00        -0.00        -0.00        -0.00             0.06            -0.06             0.05            -0.05
           (O2, H3)     0.00    -0.00     0.00    -0.00     0.00        -0.13         0.12         0.00         0.01            -1.65             1.63            -1.57             1.57
           (O2, H4)    -0.00     0.00    -0.00     0.00    -0.00         0.14        -0.14        -0.00        -0.02             1.83            -1.81             1.71            -1.72
           (O2, H2)     0.01    -0.00     0.00    -0.00     0.00        -0.11         0.11         0.00         0.01            -1.55             1.53            -1.34             1.34
       (H1, O2, H3)    -7.07     0.00    -0.13     0.14    -0.11       437.10      -419.98        -0.42       -51.36          5680.12         -5614.99          5328.82         -5337.02
       (H1, O2, H4)     6.87    -0.00     0.12    -0.14     0.11      -419.98       413.54         0.41        49.90         -5521.14          5455.38         -5182.64          5183.21
       (H3, O2, H4)     0.01    -0.00     0.00    -0.00     0.00        -0.42         0.41         0.00         0.05            -5.70             5.63            -5.15             5.16
       (O1, H2, O2)     0.78    -0.00     0.01    -0.02     0.01       -51.36        49.90         0.05         6.22          -679.61           671.67          -630.48           631.03
   (O2, H2, O1, H4)   -95.71     0.06    -1.65     1.83    -1.55      5680.12     -5521.14        -5.70      -679.61         75540.26        -74654.73         69946.44        -70009.22
   (O2, H2, O1, H3)    94.59    -0.06     1.63    -1.81     1.53     -5614.99      5455.38         5.63       671.67        -74654.73         73785.44        -69129.76         69190.07
   (O1, H2, O2, H4)   -86.17     0.05    -1.57     1.71    -1.34      5328.82     -5182.64        -5.15      -630.48         69946.44        -69129.76         66564.92        -66620.45
   (O1, H2, O2, H3)    86.25    -0.05     1.57    -1.72     1.34     -5337.02      5183.21         5.16       631.03        -70009.22         69190.07        -66620.45         66684.62

Kinetic energy distribution matrix (normalization check: 1.0)

Internal Coordinate (H1, O2) (O1, H2) (O2, H3) (O2, H4) (O2, H2) (H1, O2, H3) (H1, O2, H4) (H3, O2, H4) (O1, H2, O2) (O2, H2, O1, H4) (O2, H2, O1, H3) (O1, H2, O2, H4) (O1, H2, O2, H3)
           (H1, O2)     0.00    -0.00    -0.00     0.00     0.00         0.00        -0.00        -0.00        -0.00             0.01            -0.01             0.01            -0.01
           (O1, H2)    -0.00     0.00     0.00    -0.00    -0.00        -0.00         0.00         0.00        -0.00            -0.00             0.00             0.00            -0.00
           (O2, H3)    -0.00     0.00     0.00     0.00    -0.00        -0.00         0.00         0.00         0.00            -0.00             0.00            -0.00             0.00
           (O2, H4)     0.00    -0.00     0.00     0.00     0.00         0.00        -0.00        -0.00        -0.00             0.00            -0.00             0.00            -0.00
           (O2, H2)     0.00    -0.00    -0.00     0.00     0.00         0.00        -0.00        -0.00        -0.00             0.00            -0.00            -0.00             0.00
       (H1, O2, H3)     0.00    -0.00    -0.00     0.00     0.00         0.49        -0.09        -0.00        -0.02             2.13            -1.91             0.38            -0.61
       (H1, O2, H4)    -0.00     0.00     0.00    -0.00    -0.00        -0.09         0.53         0.00         0.02            -1.91             2.16            -0.71             0.39
       (H3, O2, H4)    -0.00     0.00     0.00    -0.00    -0.00        -0.00         0.00         0.00         0.00            -0.00             0.00            -0.00             0.00
       (O1, H2, O2)    -0.00    -0.00     0.00    -0.00    -0.00        -0.02         0.02         0.00         0.00            -0.41             0.41            -0.27             0.27
   (O2, H2, O1, H4)     0.01    -0.00    -0.00     0.00     0.00         2.13        -1.91        -0.00        -0.41            45.19           -43.45            33.47           -34.83
   (O2, H2, O1, H3)    -0.01     0.00     0.00    -0.00    -0.00        -1.91         2.16         0.00         0.41           -43.45            44.27           -34.78            33.37
   (O1, H2, O2, H4)     0.01     0.00    -0.00     0.00    -0.00         0.38        -0.71        -0.00        -0.27            33.47           -34.78            79.70           -77.82
   (O1, H2, O2, H3)    -0.01    -0.00     0.00    -0.00     0.00        -0.61         0.39         0.00         0.27           -34.83            33.37           -77.82            79.13

Total energy distribution matrix (normalization check: 1.0)

Internal Coordinate (H1, O2) (O1, H2) (O2, H3) (O2, H4) (O2, H2) (H1, O2, H3) (H1, O2, H4) (H3, O2, H4) (O1, H2, O2) (O2, H2, O1, H4) (O2, H2, O1, H3) (O1, H2, O2, H4) (O1, H2, O2, H3)
           (H1, O2)     0.10    -0.00     0.00    -0.00     0.00        -3.54         3.43         0.00         0.39           -47.85            47.29           -43.08            43.12
           (O1, H2)    -0.00     0.00    -0.00     0.00    -0.00         0.00        -0.00        -0.00        -0.00             0.03            -0.03             0.03            -0.03
           (O2, H3)     0.00    -0.00     0.00    -0.00     0.00        -0.06         0.06         0.00         0.01            -0.82             0.81            -0.79             0.78
           (O2, H4)    -0.00     0.00    -0.00     0.00    -0.00         0.07        -0.07        -0.00        -0.01             0.92            -0.90             0.86            -0.86
           (O2, H2)     0.00    -0.00     0.00    -0.00     0.00        -0.05         0.05         0.00         0.01            -0.78             0.77            -0.67             0.67
       (H1, O2, H3)    -3.54     0.00    -0.06     0.07    -0.05       218.80      -210.04        -0.21       -25.69          2841.13         -2808.45          2664.60         -2668.82
       (H1, O2, H4)     3.43    -0.00     0.06    -0.07     0.05      -210.04       207.04         0.20        24.96         -2761.52          2728.77         -2591.68          2591.80
       (H3, O2, H4)     0.00    -0.00     0.00    -0.00     0.00        -0.21         0.20         0.00         0.03            -2.85             2.82            -2.58             2.58
       (O1, H2, O2)     0.39    -0.00     0.01    -0.01     0.01       -25.69        24.96         0.03         3.11          -340.01           336.04          -315.37           315.65
   (O2, H2, O1, H4)   -47.85     0.03    -0.82     0.92    -0.78      2841.13     -2761.52        -2.85      -340.01         37792.73        -37349.09         34989.96        -35022.03
   (O2, H2, O1, H3)    47.29    -0.03     0.81    -0.90     0.77     -2808.45      2728.77         2.82       336.04        -37349.09         36914.86        -34582.27         34611.72
   (O1, H2, O2, H4)   -43.08     0.03    -0.79     0.86    -0.67      2664.60     -2591.68        -2.58      -315.37         34989.96        -34582.27         33322.31        -33349.13
   (O1, H2, O2, H3)    43.12    -0.03     0.78    -0.86     0.67     -2668.82      2591.80         2.58       315.65        -35022.03         34611.72        -33349.13         33381.87

----- Extended Results: Exact PED, KED and TED analysis per mode -----

Normal mode at the following harmonic frequency: 110 cm-1

Potential energy distribution matrix (normalization check: 1.0)

Internal Coordinate (H1, O2) (O1, H2) (O2, H3) (O2, H4) (O2, H2) (H1, O2, H3) (H1, O2, H4) (H3, O2, H4) (O1, H2, O2) (O2, H2, O1, H4) (O2, H2, O1, H3) (O1, H2, O2, H4) (O1, H2, O2, H3)
           (H1, O2)     0.04    -0.00     0.00    -0.00    -0.01         1.08        -1.10        -0.00         0.07            12.08           -12.19             6.07            -6.06
           (O1, H2)    -0.00     0.00    -0.00     0.00     0.00        -0.00         0.00         0.00        -0.00            -0.01             0.01            -0.00             0.00
           (O2, H3)     0.00    -0.00     0.00    -0.00    -0.00         0.03        -0.03        -0.00         0.00             0.28            -0.28             0.15            -0.15
           (O2, H4)    -0.00     0.00    -0.00     0.00     0.00        -0.03         0.03         0.00        -0.00            -0.28             0.28            -0.14             0.14
           (O2, H2)    -0.01     0.00    -0.00     0.00     0.00        -0.17         0.17         0.00        -0.01            -1.98             2.00            -0.95             0.95
       (H1, O2, H3)     1.08    -0.00     0.03    -0.03    -0.17        53.21       -53.59        -0.10         3.72           573.15          -578.17           300.19          -299.86
       (H1, O2, H4)    -1.10     0.00    -0.03     0.03     0.17       -53.59        55.31         0.10        -3.78          -583.92           588.77          -306.00           305.24
       (H3, O2, H4)    -0.00     0.00    -0.00     0.00     0.00        -0.10         0.10         0.00        -0.01            -1.08             1.09            -0.54             0.54
       (O1, H2, O2)     0.07    -0.00     0.00    -0.00    -0.01         3.72        -3.78        -0.01         0.27            40.76           -41.11            21.11           -21.07
   (O2, H2, O1, H4)    12.08    -0.01     0.28    -0.28    -1.98       573.15      -583.92        -1.08        40.76          6317.94         -6371.61          3265.98         -3260.39
   (O2, H2, O1, H3)   -12.19     0.01    -0.28     0.28     2.00      -578.17       588.77         1.09       -41.11         -6371.61          6426.23         -3293.87          3288.15
   (O1, H2, O2, H4)     6.07    -0.00     0.15    -0.14    -0.95       300.19      -306.00        -0.54        21.11          3265.98         -3293.87          1735.17         -1732.09
   (O1, H2, O2, H3)    -6.06     0.00    -0.15     0.14     0.95      -299.86       305.24         0.54       -21.07         -3260.39          3288.15         -1732.09          1729.24

Kinetic energy distribution matrix (normalization check: 1.0)

Internal Coordinate (H1, O2) (O1, H2) (O2, H3) (O2, H4) (O2, H2) (H1, O2, H3) (H1, O2, H4) (H3, O2, H4) (O1, H2, O2) (O2, H2, O1, H4) (O2, H2, O1, H3) (O1, H2, O2, H4) (O1, H2, O2, H3)
           (H1, O2)     0.00    -0.00    -0.00     0.00    -0.00        -0.00         0.00         0.00        -0.00            -0.00             0.00            -0.00             0.00
           (O1, H2)    -0.00     0.00     0.00    -0.00     0.00         0.00        -0.00        -0.00        -0.00             0.00            -0.00            -0.00             0.00
           (O2, H3)    -0.00     0.00     0.00     0.00     0.00         0.00        -0.00        -0.00         0.00             0.00            -0.00             0.00            -0.00
           (O2, H4)     0.00    -0.00     0.00     0.00    -0.00        -0.00         0.00         0.00        -0.00            -0.00             0.00            -0.00             0.00
           (O2, H2)    -0.00     0.00     0.00    -0.00     0.00         0.00        -0.00        -0.00         0.00             0.00            -0.00            -0.00             0.00
       (H1, O2, H3)    -0.00     0.00     0.00    -0.00     0.00         0.14        -0.03        -0.00         0.00             0.51            -0.47             0.05            -0.08
       (H1, O2, H4)     0.00    -0.00    -0.00     0.00    -0.00        -0.03         0.17         0.00        -0.00            -0.48             0.55            -0.10             0.05
       (H3, O2, H4)     0.00    -0.00    -0.00     0.00    -0.00        -0.00         0.00         0.00        -0.00            -0.00             0.00            -0.00             0.00
       (O1, H2, O2)    -0.00    -0.00     0.00    -0.00     0.00         0.00        -0.00        -0.00         0.00             0.06            -0.06             0.02            -0.02
   (O2, H2, O1, H4)    -0.00     0.00     0.00    -0.00     0.00         0.51        -0.48        -0.00         0.06             8.95            -8.78             3.70            -3.84
   (O2, H2, O1, H3)     0.00    -0.00    -0.00     0.00    -0.00        -0.47         0.55         0.00        -0.06            -8.78             9.13            -3.92             3.75
   (O1, H2, O2, H4)    -0.00    -0.00     0.00    -0.00    -0.00         0.05        -0.10        -0.00         0.02             3.70            -3.92             4.92            -4.79
   (O1, H2, O2, H3)     0.00     0.00    -0.00     0.00     0.00        -0.08         0.05         0.00        -0.02            -3.84             3.75            -4.79             4.86

Total energy distribution matrix (normalization check: 1.0)

Internal Coordinate (H1, O2) (O1, H2) (O2, H3) (O2, H4) (O2, H2) (H1, O2, H3) (H1, O2, H4) (H3, O2, H4) (O1, H2, O2) (O2, H2, O1, H4) (O2, H2, O1, H3) (O1, H2, O2, H4) (O1, H2, O2, H3)
           (H1, O2)     0.02    -0.00     0.00    -0.00    -0.01         0.54        -0.55        -0.00         0.04             6.04            -6.09             3.04            -3.03
           (O1, H2)    -0.00     0.00    -0.00     0.00     0.00        -0.00         0.00         0.00        -0.00            -0.01             0.01            -0.00             0.00
           (O2, H3)     0.00    -0.00     0.00    -0.00    -0.00         0.01        -0.01        -0.00         0.00             0.14            -0.14             0.08            -0.07
           (O2, H4)    -0.00     0.00    -0.00     0.00     0.00        -0.01         0.01         0.00        -0.00            -0.14             0.14            -0.07             0.07
           (O2, H2)    -0.01     0.00    -0.00     0.00     0.00        -0.08         0.09         0.00        -0.00            -0.99             1.00            -0.48             0.48
       (H1, O2, H3)     0.54    -0.00     0.01    -0.01    -0.08        26.68       -26.81        -0.05         1.86           286.83          -289.32           150.12          -149.97
       (H1, O2, H4)    -0.55     0.00    -0.01     0.01     0.09       -26.81        27.74         0.05        -1.89          -292.20           294.66          -153.05           152.65
       (H3, O2, H4)    -0.00     0.00    -0.00     0.00     0.00        -0.05         0.05         0.00        -0.00            -0.54             0.54            -0.27             0.27
       (O1, H2, O2)     0.04    -0.00     0.00    -0.00    -0.00         1.86        -1.89        -0.00         0.13            20.41           -20.58            10.57           -10.55
   (O2, H2, O1, H4)     6.04    -0.01     0.14    -0.14    -0.99       286.83      -292.20        -0.54        20.41          3163.45         -3190.19          1634.84         -1632.11
   (O2, H2, O1, H3)    -6.09     0.01    -0.14     0.14     1.00      -289.32       294.66         0.54       -20.58         -3190.19          3217.68         -1648.90          1645.95
   (O1, H2, O2, H4)     3.04    -0.00     0.08    -0.07    -0.48       150.12      -153.05        -0.27        10.57          1634.84         -1648.90           870.05          -868.44
   (O1, H2, O2, H3)    -3.03     0.00    -0.07     0.07     0.48      -149.97       152.65         0.27       -10.55         -1632.11          1645.95          -868.44           867.05

----- Extended Results: Exact PED, KED and TED analysis per mode -----

Normal mode at the following harmonic frequency: 161 cm-1

Potential energy distribution matrix (normalization check: 1.0)

Internal Coordinate (H1, O2) (O1, H2) (O2, H3) (O2, H4) (O2, H2) (H1, O2, H3) (H1, O2, H4) (H3, O2, H4) (O1, H2, O2) (O2, H2, O1, H4) (O2, H2, O1, H3) (O1, H2, O2, H4) (O1, H2, O2, H3)
           (H1, O2)     3.11     0.01     0.01     0.01     2.59        -6.19        -5.74        -0.17        26.01            -9.86           -19.55             9.70            -0.79
           (O1, H2)     0.01     0.00     0.00     0.00     0.01        -0.02        -0.02        -0.00         0.07            -0.03            -0.06             0.03            -0.00
           (O2, H3)     0.01     0.00     0.00     0.00     0.00        -0.02        -0.02        -0.00         0.09            -0.03            -0.06             0.03            -0.00
           (O2, H4)     0.01     0.00     0.00     0.00     0.00        -0.02        -0.02        -0.00         0.08            -0.03            -0.06             0.03            -0.00
           (O2, H2)     2.59     0.01     0.00     0.00     3.04        -2.95        -2.73        -0.08        10.43            -4.89            -9.70             4.60            -0.37
       (H1, O2, H3)    -6.19    -0.02    -0.02    -0.02    -2.95        21.73        19.91         0.59       -97.65            33.21            65.85           -34.05             2.76
       (H1, O2, H4)    -5.74    -0.02    -0.02    -0.02    -2.73        19.91        18.70         0.55       -90.50            30.79            61.02           -31.58             2.56
       (H3, O2, H4)    -0.17    -0.00    -0.00    -0.00    -0.08         0.59         0.55         0.02        -2.76             0.94             1.86            -0.93             0.08
       (O1, H2, O2)    26.01     0.07     0.09     0.08    10.43       -97.65       -90.50        -2.76       452.16          -151.97          -301.28           154.07           -12.49
   (O2, H2, O1, H4)    -9.86    -0.03    -0.03    -0.03    -4.89        33.21        30.79         0.94      -151.97            51.95           102.98           -52.56             4.26
   (O2, H2, O1, H3)   -19.55    -0.06    -0.06    -0.06    -9.70        65.85        61.02         1.86      -301.28           102.98           204.16          -104.21             8.44
   (O1, H2, O2, H4)     9.70     0.03     0.03     0.03     4.60       -34.05       -31.58        -0.93       154.07           -52.56          -104.21            54.66            -4.43
   (O1, H2, O2, H3)    -0.79    -0.00    -0.00    -0.00    -0.37         2.76         2.56         0.08       -12.49             4.26             8.44            -4.43             0.36

Kinetic energy distribution matrix (normalization check: 1.0)

Internal Coordinate (H1, O2) (O1, H2) (O2, H3) (O2, H4) (O2, H2) (H1, O2, H3) (H1, O2, H4) (H3, O2, H4) (O1, H2, O2) (O2, H2, O1, H4) (O2, H2, O1, H3) (O1, H2, O2, H4) (O1, H2, O2, H3)
           (H1, O2)     0.02     0.00    -0.00    -0.00     0.01         0.01         0.01         0.00        -0.02             0.01             0.01            -0.01             0.00
           (O1, H2)     0.00     0.00    -0.00    -0.00     0.00         0.00         0.00         0.00         0.00             0.00             0.00             0.00            -0.00
           (O2, H3)    -0.00    -0.00     0.00    -0.00    -0.00        -0.00        -0.00        -0.00         0.00            -0.00            -0.00             0.00            -0.00
           (O2, H4)    -0.00    -0.00    -0.00     0.00    -0.00        -0.00        -0.00        -0.00         0.00            -0.00            -0.00             0.00            -0.00
           (O2, H2)     0.01     0.00    -0.00    -0.00     0.30         0.03         0.03         0.00        -0.01             0.01             0.03             0.01            -0.00
       (H1, O2, H3)     0.01     0.00    -0.00    -0.00     0.03         0.12         0.02         0.00        -0.18             0.06             0.11            -0.01             0.00
       (H1, O2, H4)     0.01     0.00    -0.00    -0.00     0.03         0.02         0.12         0.00        -0.17             0.05             0.12            -0.02             0.00
       (H3, O2, H4)     0.00     0.00    -0.00    -0.00     0.00         0.00         0.00         0.00        -0.01             0.00             0.00            -0.00             0.00
       (O1, H2, O2)    -0.02     0.00     0.00     0.00    -0.01        -0.18        -0.17        -0.01         1.58            -0.47            -0.93             0.33            -0.03
   (O2, H2, O1, H4)     0.01     0.00    -0.00    -0.00     0.01         0.06         0.05         0.00        -0.47             0.16             0.30            -0.13             0.01
   (O2, H2, O1, H3)     0.01     0.00    -0.00    -0.00     0.03         0.11         0.12         0.00        -0.93             0.30             0.62            -0.27             0.02
   (O1, H2, O2, H4)    -0.01     0.00     0.00     0.00     0.01        -0.01        -0.02        -0.00         0.33            -0.13            -0.27             0.33            -0.03
   (O1, H2, O2, H3)     0.00    -0.00    -0.00    -0.00    -0.00         0.00         0.00         0.00        -0.03             0.01             0.02            -0.03             0.00

Total energy distribution matrix (normalization check: 1.0)

Internal Coordinate (H1, O2) (O1, H2) (O2, H3) (O2, H4) (O2, H2) (H1, O2, H3) (H1, O2, H4) (H3, O2, H4) (O1, H2, O2) (O2, H2, O1, H4) (O2, H2, O1, H3) (O1, H2, O2, H4) (O1, H2, O2, H3)
           (H1, O2)     1.56     0.01     0.00     0.00     1.30        -3.09        -2.87        -0.09        13.00            -4.93            -9.77             4.85            -0.39
           (O1, H2)     0.01     0.00     0.00     0.00     0.01        -0.01        -0.01        -0.00         0.04            -0.01            -0.03             0.01            -0.00
           (O2, H3)     0.00     0.00     0.00     0.00     0.00        -0.01        -0.01        -0.00         0.04            -0.01            -0.03             0.02            -0.00
           (O2, H4)     0.00     0.00     0.00     0.00     0.00        -0.01        -0.01        -0.00         0.04            -0.01            -0.03             0.01            -0.00
           (O2, H2)     1.30     0.01     0.00     0.00     1.67        -1.46        -1.35        -0.04         5.21            -2.44            -4.84             2.31            -0.19
       (H1, O2, H3)    -3.09    -0.01    -0.01    -0.01    -1.46        10.93         9.97         0.30       -48.91            16.64            32.98           -17.03             1.38
       (H1, O2, H4)    -2.87    -0.01    -0.01    -0.01    -1.35         9.97         9.41         0.27       -45.33            15.42            30.57           -15.80             1.28
       (H3, O2, H4)    -0.09    -0.00    -0.00    -0.00    -0.04         0.30         0.27         0.01        -1.38             0.47             0.93            -0.47             0.04
       (O1, H2, O2)    13.00     0.04     0.04     0.04     5.21       -48.91       -45.33        -1.38       226.87           -76.22          -151.11            77.20            -6.26
   (O2, H2, O1, H4)    -4.93    -0.01    -0.01    -0.01    -2.44        16.64        15.42         0.47       -76.22            26.05            51.64           -26.35             2.14
   (O2, H2, O1, H3)    -9.77    -0.03    -0.03    -0.03    -4.84        32.98        30.57         0.93      -151.11            51.64           102.39           -52.24             4.23
   (O1, H2, O2, H4)     4.85     0.01     0.02     0.01     2.31       -17.03       -15.80        -0.47        77.20           -26.35           -52.24            27.50            -2.23
   (O1, H2, O2, H3)    -0.39    -0.00    -0.00    -0.00    -0.19         1.38         1.28         0.04        -6.26             2.14             4.23            -2.23             0.18

----- Extended Results: Exact PED, KED and TED analysis per mode -----

Normal mode at the following harmonic frequency: 177 cm-1

Potential energy distribution matrix (normalization check: 1.0)

Internal Coordinate (H1, O2) (O1, H2) (O2, H3) (O2, H4) (O2, H2) (H1, O2, H3) (H1, O2, H4) (H3, O2, H4) (O1, H2, O2) (O2, H2, O1, H4) (O2, H2, O1, H3) (O1, H2, O2, H4) (O1, H2, O2, H3)
           (H1, O2)    42.30    -0.04     0.01     0.01   -13.68       -20.14       -17.77        -1.50        70.62           -33.51           -51.31            25.67             1.64
           (O1, H2)    -0.04     0.00    -0.00    -0.00     0.02         0.02         0.02         0.00        -0.06             0.03             0.04            -0.02            -0.00
           (O2, H3)     0.01    -0.00     0.00     0.00    -0.00        -0.01        -0.01        -0.00         0.03            -0.01            -0.02             0.01             0.00
           (O2, H4)     0.01    -0.00     0.00     0.00    -0.00        -0.01        -0.01        -0.00         0.03            -0.01            -0.02             0.01             0.00
           (O2, H2)   -13.68     0.02    -0.00    -0.00     6.21         3.71         3.27         0.28       -10.97             6.44             9.86            -4.72            -0.30
       (H1, O2, H3)   -20.14     0.02    -0.01    -0.01     3.71        16.86        14.72         1.21       -63.28            26.94            41.26           -21.51            -1.37
       (H1, O2, H4)   -17.77     0.02    -0.01    -0.01     3.27        14.72        13.17         1.07       -55.87            23.80            36.42           -19.01            -1.21
       (H3, O2, H4)    -1.50     0.00    -0.00    -0.00     0.28         1.21         1.07         0.09        -4.72             2.01             3.08            -1.55            -0.10
       (O1, H2, O2)    70.62    -0.06     0.03     0.03   -10.97       -63.28       -55.87        -4.72       244.75          -102.98          -157.67            81.29             5.19
   (O2, H2, O1, H4)   -33.51     0.03    -0.01    -0.01     6.44        26.94        23.80         2.01      -102.98            44.07            67.46           -34.72            -2.22
   (O2, H2, O1, H3)   -51.31     0.04    -0.02    -0.02     9.86        41.26        36.42         3.08      -157.67            67.46           103.29           -53.16            -3.39
   (O1, H2, O2, H4)    25.67    -0.02     0.01     0.01    -4.72       -21.51       -19.01        -1.55        81.29           -34.72           -53.16            28.11             1.79
   (O1, H2, O2, H3)     1.64    -0.00     0.00     0.00    -0.30        -1.37        -1.21        -0.10         5.19            -2.22            -3.39             1.79             0.11

Kinetic energy distribution matrix (normalization check: 1.0)

Internal Coordinate (H1, O2) (O1, H2) (O2, H3) (O2, H4) (O2, H2) (H1, O2, H3) (H1, O2, H4) (H3, O2, H4) (O1, H2, O2) (O2, H2, O1, H4) (O2, H2, O1, H3) (O1, H2, O2, H4) (O1, H2, O2, H3)
           (H1, O2)     0.30    -0.00    -0.00    -0.00    -0.09         0.02         0.02         0.00        -0.06             0.03             0.04            -0.02            -0.00
           (O1, H2)    -0.00     0.00     0.00     0.00     0.00        -0.00        -0.00        -0.00        -0.00            -0.00            -0.00            -0.00            -0.00
           (O2, H3)    -0.00     0.00     0.00    -0.00     0.00        -0.00        -0.00        -0.00         0.00            -0.00            -0.00             0.00             0.00
           (O2, H4)    -0.00     0.00    -0.00     0.00     0.00        -0.00        -0.00        -0.00         0.00            -0.00            -0.00             0.00             0.00
           (O2, H2)    -0.09     0.00     0.00     0.00     0.74        -0.05        -0.05        -0.00         0.01            -0.02            -0.03            -0.01            -0.00
       (H1, O2, H3)     0.02    -0.00    -0.00    -0.00    -0.05         0.12         0.02         0.00        -0.14             0.06             0.09            -0.01            -0.00
       (H1, O2, H4)     0.02    -0.00    -0.00    -0.00    -0.05         0.02         0.10         0.00        -0.13             0.05             0.09            -0.02            -0.00
